1651 9 5000 1 400 2
0
0
0
-3.0518e-05
-3.0518e-05
0
3.0518e-05
0
-3.0518e-05
0
3.0518e-05
3.0518e-05
-3.0518e-05
-6.1035e-05
-3.0518e-05
6.1035e-05
3.0518e-05
-6.1035e-05
-6.1035e-05
3.0518e-05
0.00012207
3.0518e-05
-0.00012207
-9.1553e-05
0.00012207
0.00015259
-3.0518e-05
-0.00021362
-6.1035e-05
0.00024414
0.00021362
-0.00015259
-0.00030518
6.1035e-05
0.00039673
0.00015259
-0.00036621
-0.00036621
0.00027466
0.00054932
0
-0.00064087
-0.00030518
0.00057983
0.00064087
-0.00036621
-0.00091553
-6.1035e-05
0.00097656
0.0005188
-0.00088501
-0.0010681
0.00042725
0.0013733
0.00015259
-0.0015259
-0.00097656
0.0011902
0.0016479
-0.00054932
-0.0021362
-0.00045776
0.0021362
0.0015564
-0.0016174
-0.0025635
0.00054932
0.0031433
0.00094604
-0.0030212
-0.002533
0.0021667
0.0039063
-0.00045776
-0.0045776
-0.001709
0.0043335
0.0041199
-0.0028381
-0.006012
0.00027466
0.007019
0.0032043
-0.0064392
-0.0068665
0.0040283
0.010071
0.00033569
-0.01178
-0.0063171
0.011139
0.013519
-0.0071106
-0.021149
-0.0014343
0.028778
0.017334
-0.037262
-0.052307
0.063721
0.3006
0.5347
0.64163
0.60928
0.52811
0.48129
0.46838
0.43811
0.36765
0.28467
0.21979
0.16644
0.098663
0.01178
-0.073242
-0.14163
-0.20297
-0.2724
-0.34674
-0.40997
-0.45627
-0.49567
-0.5365
-0.57248
-0.59259
-0.5968
-0.59436
-0.58908
-0.57437
-0.54413
-0.50183
-0.4552
-0.40533
-0.34689
-0.2778
-0.20334
-0.12927
-0.055176
0.022552
0.10318
0.18127
0.25317
0.32019
0.38437
0.44366
0.49371
0.53305
0.56351
0.58624
0.59921
0.59991
0.58875
0.56796
0.53848
0.49911
0.44931
0.39087
0.32623
0.25644
0.1813
0.10175
0.020294
-0.060822
-0.14063
-0.21854
-0.29306
-0.36197
-0.42358
-0.47736
-0.52271
-0.5585
-0.58344
-0.59695
-0.59927
-0.59048
-0.57034
-0.53897
-0.49698
-0.44547
-0.38541
-0.31769
-0.24347
-0.16434
-0.082001
0.0020142
0.086182
0.16888
0.24829
0.32278
0.39093
0.45135
0.50284
0.54419
0.57455
0.59326
0.59995
0.59436
0.57654
0.54681
0.5058
0.45422
0.39316
0.32379
0.24756
0.16605
0.080902
-0.006073
-0.093048
-0.17816
-0.25961
-0.33566
-0.40463
-0.46503
-0.5155
-0.5549
-0.58237
-0.59726
-0.59915
-0.58795
-0.56384
-0.52734
-0.47916
-0.42035
-0.35211
-0.27597
-0.19354
-0.10672
-0.017334
0.07254
0.16092
0.24579
0.3252
0.39734
0.46051
0.51324
0.55429
0.58264
0.5976
0.59875
0.58603
0.55966
0.52023
0.46854
0.40579
0.3334
0.25308
0.16663
0.076111
-0.016327
-0.10852
-0.19821
-0.28333
-0.36169
-0.43149
-0.49091
-0.53851
-0.57309
-0.59378
-0.59995
-0.5914
-0.5683
-0.53119
-0.48087
-0.41858
-0.34576
-0.26425
-0.17603
-0.083282
0.011688
0.10651
0.19873
0.28607
0.36627
0.43723
0.4971
0.54434
0.57767
0.59619
0.5993
0.58691
0.5593
0.51706
0.4613
0.3934
0.31506
0.22836
0.13553
0.038971
-0.058746
-0.15503
-0.24728
-0.33307
-0.41006
-0.4761
-0.52945
-0.56851
-0.59229
-0.59998
-0.59137
-0.56662
-0.52634
-0.47153
-0.40372
-0.32468
-0.23657
-0.14175
-0.042908
0.057251
0.15594
0.2504
0.33795
0.41611
0.4826
0.53555
0.57336
0.59491
0.59955
0.58707
0.55771
0.51233
0.45212
0.37878
0.29437
0.20132
0.10233
0.00021362
-0.10205
-0.20145
-0.29504
-0.38007
-0.45398
-0.51453
-0.55988
-0.58862
-0.59985
-0.59317
-0.5687
-0.5271
-0.46954
-0.39777
-0.31384
-0.22031
-0.11996
-0.015808
0.088959
0.1911
0.28751
0.37518
0.45139
0.51367
0.56012
0.58923
0.59998
0.59198
0.5654
0.52106
0.46027
0.38486
0.29721
0.20001
0.096344
-0.010529
-0.11719
-0.22021
-0.31631
-0.40231
-0.47546
-0.53336
-0.57401
-0.59607
-0.59872
-0.58185
-0.54593
-0.49207
-0.42197
-0.33786
-0.24252
-0.13901
-0.030792
0.078583
0.18546
0.28629
0.37762
0.45639
0.51987
0.56589
0.59283
0.59973
0.58627
0.55283
0.50046
0.43091
0.3465
0.25009
0.14499
0.034729
-0.076843
-0.18588
-0.2886
-0.38138
-0.46091
-0.52441
-0.56961
-0.59479
-0.59906
-0.58215
-0.54462
-0.4877
-0.41339
-0.32425
-0.22342
-0.11447
-0.0012817
0.11206
0.2215
0.32306
0.41302
0.4881
0.54547
0.58304
0.59933
0.59369
0.56625
0.51794
0.45047
0.36627
0.2684
0.16049
0.046478
-0.069427
-0.18283
-0.28952
-0.38547
-0.46701
-0.53101
-0.57504
-0.59732
-0.59695
-0.57388
-0.5289
-0.46365
-0.38058
-0.28284
-0.17407
-0.058502
0.059479
0.17526
0.28436
0.38254
0.46591
0.53116
0.57571
0.59772
0.59625
0.57129
0.52374
0.45544
0.36899
0.26779
0.15579
0.037506
-0.082428
-0.19916
-0.30804
-0.40466
-0.48505
-0.5459
-0.58469
-0.59979
-0.59052
-0.55716
-0.50098
-0.42422
-0.33002
-0.22211
-0.10495
0.016663
0.1377
0.25317
0.35825
0.44849
0.52014
0.5701
0.59622
0.59735
0.57333
0.52509
0.45462
0.36484
0.25949
0.14297
0.020264
-0.10342
-0.22284
-0.33282
-0.42859
-0.50604
-0.56171
-0.59317
-0.59894
-0.57874
-0.53333
-0.46463
-0.37555
-0.26996
-0.15244
-0.028076
0.097656
0.21921
0.33118
0.42856
0.50705
0.56305
0.59399
0.59842
0.57608
0.52789
0.45593
0.36334
0.25427
0.13361
0.0067444
-0.12054
-0.24246
-0.35345
-0.44839
-0.52295
-0.57355
-0.59787
-0.5947
-0.56406
-0.50732
-0.42703
-0.32687
-0.21136
-0.085938
0.043671
0.17133
0.29108
0.39728
0.48489
0.54971
0.58865
0.59976
0.5824
0.53738
0.46671
0.37369
0.26273
0.13904
0.008606
-0.12238
-0.24759
-0.36099
-0.45703
-0.53101
-0.57925
-0.59937
-0.5903
-0.5524
-0.4874
-0.39847
-0.28986
-0.16687
-0.035522
0.097687
0.22617
0.34357
0.444
0.52243
0.57486
0.5986
0.59238
0.55643
0.49246
0.40366
0.29437
0.1701
0.037109
-0.097931
-0.22809
-0.34674
-0.44781
-0.52606
-0.57745
-0.59924
-0.59021
-0.55075
-0.48282
-0.38986
-0.27664
-0.14893
-0.013336
0.12308
0.2532
0.37018
0.46786
0.54108
0.58588
0.59985
0.58215
0.53363
0.45679
0.35562
0.23544
0.10263
-0.035797
-0.17245
-0.29999
-0.41153
-0.50104
-0.5636
-0.59583
-0.59583
-0.56354
-0.50064
-0.41043
-0.29779
-0.16876
-0.030426
0.10974
0.24399
0.36493
0.46591
0.54123
0.58667
0.5997
0.57944
0.52695
0.44504
0.33823
0.21243
0.074615
-0.067505
-0.20599
-0.33298
-0.44128
-0.52475
-0.57858
-0.59967
-0.58667
-0.54028
-0.46304
-0.35928
-0.23489
-0.096893
0.046783
0.1879
0.3183
0.43042
0.51776
0.57516
0.59924
0.5885
0.54346
0.46664
0.36249
0.23703
0.097534
-0.047821
-0.19046
-0.32202
-0.43466
-0.52164
-0.57779
-0.59967
-0.58588
-0.53717
-0.45633
-0.34811
-0.21893
-0.076508
0.070618
0.21362
0.34387
0.45343
0.53564
0.58545
0.59967
0.57745
0.51999
0.43073
0.315
0.1799
0.03363
-0.11484
-0.25635
-0.38217
-0.48447
-0.55682
-0.59473
-0.5957
-0.5596
-0.48856
-0.38693
-0.26102
-0.11865
0.031311
0.17941
0.31635
0.43344
0.52322
0.57993
0.59988
0.58179
0.52661
0.43784
0.32104
0.18359
0.034241
-0.1174
-0.26163
-0.38913
-0.49164
-0.56247
-0.59692
-0.59271
-0.54999
-0.47147
-0.36215
-0.2291
-0.080963
0.072601
0.22153
0.35602
0.46719
0.54764
0.59198
0.59723
0.56287
0.49115
0.38672
0.25644
0.10895
-0.045929
-0.19788
-0.33667
-0.453
-0.53891
-0.58862
-0.59863
-0.56818
-0.49927
-0.39642
-0.26654
-0.11844
0.037842
0.19168
0.33252
0.45071
0.53809
0.58856
0.59857
0.56732
0.49686
0.392
0.25989
0.10965
-0.048309
-0.20303
-0.34375
-0.46057
-0.54526
-0.59183
-0.59689
-0.56
-0.48367
-0.37317
-0.23621
-0.082428
0.077301
0.23166
0.36969
0.48151
0.55905
0.59677
0.5918
0.54443
0.45795
0.33847
0.19455
0.036469
-0.12436
-0.27631
-0.40836
-0.51089
-0.57635
-0.59991
-0.57974
-0.51721
-0.41681
-0.28577
-0.1337
0.028351
0.18842
0.33472
0.45645
0.54449
0.59225
0.59613
0.55569
0.47391
0.35669
0.21277
0.052826
-0.11121
-0.26703
-0.40289
-0.50854
-0.57596
-0.59995
-0.57858
-0.51343
-0.4093
-0.27399
-0.11771
0.047638
0.20947
0.35544
0.47427
0.55685
0.59677
0.59079
0.53934
0.44623
0.31857
0.1662
0.00082397
-0.16476
-0.31766
-0.44592
-0.53952
-0.59106
-0.59644
-0.55511
-0.47018
-0.34824
-0.19882
-0.033661
0.13431
0.29181
0.4263
0.5271
0.58612
0.59857
0.56335
0.48318
0.36438
0.21631
0.050812
-0.11893
-0.27921
-0.41711
-0.52151
-0.58389
-0.59909
-0.56583
-0.4866
-0.36783
-0.21906
-0.052307
0.1188
0.28036
0.4191
0.52356
0.58517
0.59869
0.56296
0.48077
0.35886
0.20718
0.038239
-0.134
-0.29526
-0.43207
-0.53296
-0.58948
-0.59677
-0.55417
-0.46509
-0.33691
-0.18033
-0.0084534
0.16428
0.32324
0.45499
0.54831
0.59525
0.59164
0.53775
0.43799
0.30084
0.13788
-0.036957
-0.20877
-0.36282
-0.48578
-0.56705
-0.59952
-0.58029
-0.51089
-0.39725
-0.24908
-0.079224
0.097656
0.26617
0.41159
0.52121
0.58533
0.59827
0.55875
0.47012
0.34015
0.18011
0.0040894
-0.17242
-0.3338
-0.46573
-0.55646
-0.59784
-0.58609
-0.52209
-0.41153
-0.26413
-0.092987
0.086609
0.25854
0.40738
0.51968
0.58524
0.59805
0.55685
0.46524
0.33142
0.16742
-0.011871
-0.19025
-0.35138
-0.48059
-0.56595
-0.59961
-0.57834
-0.50397
-0.38327
-0.22723
-0.05011
0.13174
0.30154
0.44354
0.54456
0.59512
0.59039
0.53076
0.4216
0.27304
0.098846
-0.084686
-0.26044
-0.41183
-0.52466
-0.5882
-0.59634
-0.54825
-0.4483
-0.30588
-0.13437
0.050018
0.22977
0.38776
0.50891
0.5816
0.59879
0.55869
0.46506
0.32672
0.15692
-0.028107
-0.21054
-0.37277
-0.49911
-0.57727
-0.59955
-0.56372
-0.47308
-0.3364
-0.16684
0.019104
0.20328
0.36771
0.49625
0.57623
0.59967
0.56415
0.47305
0.33527
0.16431
-0.02301
-0.20819
-0.37283
-0.50061
-0.5787
-0.59924
-0.56006
-0.46497
-0.32333
-0.14926
0.039856
0.22513
0.38791
0.51175
0.58411
0.5976
0.55075
0.44815
0.30008
0.12149
-0.06955
-0.25366
-0.41205
-0.5285
-0.59109
-0.59329
-0.53479
-0.42139
-0.26465
-0.080627
0.11182
0.29285
0.44379
0.54898
0.59741
0.58401
0.51001
0.38297
0.21603
0.026459
-0.16599
-0.34119
-0.48087
-0.57028
-0.59995
-0.56668
-0.47379
-0.33099
-0.1532
0.040833
0.23071
0.39627
0.51999
0.58859
0.59473
0.5376
0.42319
0.26358
0.075745
-0.12033
-0.30368
-0.45456
-0.55673
-0.59912
-0.57712
-0.49289
-0.35544
-0.17947
0.015991
0.20987
0.38107
0.51102
0.58548
0.59625
0.54202
0.42859
0.26825
0.078461
-0.12006
-0.30554
-0.45755
-0.55933
-0.59958
-0.5737
-0.48447
-0.34161
-0.16089
0.037811
0.23245
0.40137
0.52573
0.59158
0.59149
0.52533
0.40036
0.2305
0.034698
-0.16513
-0.34653
-0.48904
-0.57651
-0.59897
-0.5538
-0.44592
-0.28751
-0.096344
0.10587
0.29614
0.45282
0.55801
0.59955
0.57263
0.48016
0.33261
0.14685
-0.055908
-0.25235
-0.41986
-0.53906
-0.59613
-0.58432
-0.50491
-0.36694
-0.18631
0.016052
0.21667
0.39218
0.52206
0.59113
0.59113
0.52194
0.39154
0.21515
0.013397
-0.19006
-0.37125
-0.50879
-0.58636
-0.5947
-0.53262
-0.40744
-0.23386
-0.032379
0.1731
0.35806
0.50043
0.58316
0.59625
0.53802
0.41531
0.24271
0.040833
-0.16605
-0.35309
-0.49765
-0.58224
-0.59656
-0.5387
-0.41556
-0.24194
-0.038849
0.1691
0.35657
0.5007
0.5838
0.59567
0.53467
0.40817
0.23154
0.026398
-0.18213
-0.36835
-0.50931
-0.58752
-0.59323
-0.52557
-0.39279
-0.21127
-0.003418
0.20496
0.388
0.5228
0.5925
0.58826
0.51047
0.36874
0.18076
-0.029999
-0.23712
-0.41455
-0.53989
-0.59726
-0.57928
-0.4881
-0.33508
-0.13959
0.073761
0.27783
0.44672
0.55887
0.59985
0.56436
0.45676
0.29071
0.087341
-0.12735
-0.32581
-0.48254
-0.57727
-0.59772
-0.54111
-0.41464
-0.2345
-0.023895
0.18991
0.37921
0.51938
0.5921
0.5878
0.5069
0.35983
0.16568
-0.050232
-0.2597
-0.43527
-0.5538
-0.59964
-0.56662
-0.45898
-0.29077
-0.084076
0.13385
0.3342
0.49036
0.5816
0.59567
0.53058
0.39484
0.20639
-0.0096741
-0.22455
-0.40955
-0.53983
-0.59784
-0.57568
-0.47617
-0.31256
-0.10681
0.11346
0.31854
0.48071
0.57794
0.59698
0.5351
0.40054
0.21152
-0.0064087
-0.22357
-0.4104
-0.54129
-0.59827
-0.57343
-0.47003
-0.30212
-0.092651
0.1297
0.33432
0.49298
0.58374
0.59393
0.52206
0.3779
0.1813
-0.040558
-0.25693
-0.43768
-0.55762
-0.59991
-0.55856
-0.43915
-0.2583
-0.041199
0.18179
0.37939
0.52383
0.59473
0.58191
0.48709
0.32349
0.11411
-0.11151
-0.32147
-0.48599
-0.58163
-0.59473
-0.52325
-0.37723
-0.17737
0.047882
0.26645
0.44699
0.56369
0.59964
0.54956
0.42053
0.23096
0.0080261
-0.21616
-0.4093
-0.54343
-0.59903
-0.56793
-0.45453
-0.27509
-0.055634
0.17206
0.37482
0.52307
0.59506
0.5802
0.4805
0.31039
0.094696
-0.13498
-0.34497
-0.50433
-0.58957
-0.58795
-0.4996
-0.33743
-0.12531
0.10553
0.3208
0.48865
0.58398
0.59256
0.51297
0.3569
0.14752
-0.084015
-0.3031
-0.47693
-0.57944
-0.59506
-0.52139
-0.36929
-0.16156
0.070587
0.29224
0.46991
0.57663
0.59619
0.52545
0.37503
0.1676
-0.06543
-0.28857
-0.46793
-0.57605
-0.59631
-0.52548
-0.37427
-0.16568
0.06842
0.29214
0.47113
0.57773
0.59549
0.52148
0.36697
0.15573
-0.079681
-0.30289
-0.47931
-0.58148
-0.59341
-0.51312
-0.35294
-0.1377
0.099091
0.32056
0.49203
0.58664
0.58942
0.49982
0.33173
0.11145
-0.1265
-0.34464
-0.50854
-0.59235
-0.58261
-0.48077
-0.3028
-0.076752
0.16159
0.37439
0.5278
0.59729
0.57169
0.45493
0.26547
0.033508
-0.20395
-0.40884
-0.54834
-0.59988
-0.55511
-0.42105
-0.21915
0.018158
0.25269
0.4465
0.56827
0.59808
0.53107
0.37787
0.1633
-0.077942
-0.30664
-0.4855
-0.5853
-0.58966
-0.49768
-0.32428
-0.097717
0.14499
0.36401
0.52341
0.5968
0.57205
0.45303
0.25928
0.022614
-0.2179
-0.42249
-0.55722
-0.59967
-0.54263
-0.39542
-0.1824
0.061066
0.29449
0.47891
0.5835
0.59058
0.49887
0.32355
0.093903
-0.15161
-0.37177
-0.52951
-0.59821
-0.56613
-0.43854
-0.23682
0.0050354
0.24612
0.44565
0.56973
0.59714
0.52313
0.36011
0.13568
-0.11197
-0.34064
-0.51126
-0.59454
-0.57614
-0.45901
-0.26315
-0.022003
0.22305
0.42984
0.56271
0.59869
0.53137
0.37228
0.14874
-0.10065
-0.33273
-0.50723
-0.59375
-0.57718
-0.46017
-0.263
-0.019897
0.22678
0.43399
0.5654
0.59796
0.52582
0.36142
0.13351
-0.11798
-0.34882
-0.51837
-0.59665
-0.5697
-0.44217
-0.23639
0.011292
0.25708
0.45743
0.57672
0.59357
0.50491
0.32632
0.089508
-0.16339
-0.38724
-0.54199
-0.59982
-0.55029
-0.4021
-0.1817
0.071442
0.31189
0.49631
0.5914
0.5799
0.46371
0.2637
0.0159
-0.23489
-0.44324
-0.57129
-0.59567
-0.51181
-0.33478
-0.09668
0.15912
0.38605
0.54254
0.59991
0.54752
0.39478
0.16962
-0.086823
-0.32739
-0.5079
-0.59497
-0.57242
-0.44431
-0.23407
0.019501
0.26962
0.46991
0.58316
0.58829
0.48413
0.28995
0.041687
-0.21445
-0.43069
-0.56668
-0.59686
-0.51541
-0.33749
-0.096222
0.16321
0.39212
0.54745
0.59988
0.53937
0.3772
0.1438
-0.11688
-0.35556
-0.5271
-0.59888
-0.55719
-0.40976
-0.18442
0.07608
0.32224
0.50711
0.5954
0.57007
0.43585
0.21823
-0.04126
-0.29297
-0.48862
-0.59058
-0.57907
-0.45621
-0.24545
0.012665
0.26849
0.47256
0.58545
0.58511
0.4715
0.26645
0.009613
-0.24918
-0.45969
-0.58084
-0.58899
-0.4823
-0.28146
-0.025574
0.23544
0.45047
0.57739
0.59119
0.48901
0.29071
0.035187
-0.22739
-0.44528
-0.5755
-0.59219
-0.49191
-0.29437
-0.038452
0.22522
0.44434
0.57535
0.59216
0.49121
0.29248
0.03537
-0.22888
-0.4476
-0.57697
-0.59103
-0.48682
-0.285
-0.02597
0.2384
0.45499
0.5802
0.58865
0.47855
0.27188
0.010223
-0.2536
-0.46625
-0.58463
-0.58463
-0.46603
-0.25281
0.011871
0.27426
0.48093
0.58972
0.57828
0.44882
0.2276
-0.040253
-0.30002
-0.49841
-0.59467
-0.56891
-0.42627
-0.19592
0.07489
0.33038
0.51785
0.59851
0.55557
0.39771
0.15747
-0.11548
-0.36462
-0.53818
-0.60004
-0.53714
-0.36243
-0.11212
0.16165
0.40179
0.55814
0.59784
0.51245
0.31967
0.059784
-0.21277
-0.44073
-0.57614
-0.59036
-0.48029
-0.26889
-0.00067139
0.26782
0.47983
0.59036
0.57593
0.43939
0.20959
-0.064819
-0.32556
-0.51715
-0.59872
-0.55273
-0.38879
-0.14175
0.13565
0.38419
0.55057
0.59903
0.51901
0.32755
0.065613
-0.21054
-0.4415
-0.57742
-0.5889
-0.47324
-0.25528
0.017944
0.28741
0.49475
0.59488
0.56595
0.41406
0.17209
-0.10742
-0.36365
-0.54071
-0.59988
-0.52805
-0.34076
-0.078857
0.20047
0.43594
0.5759
0.58945
0.47345
0.25327
-0.022766
-0.29388
-0.50031
-0.59637
-0.56073
-0.40103
-0.15253
0.12988
0.38361
0.55231
0.59839
0.51144
0.31064
0.040588
-0.23862
-0.46472
-0.58713
-0.57837
-0.44019
-0.20337
0.079102
0.34393
0.53168
0.60004
0.53345
0.34677
0.081879
-0.2016
-0.4397
-0.57852
-0.58664
-0.46198
-0.23264
0.04953
0.32062
0.51895
0.59946
0.54358
0.36392
0.10126
-0.1846
-0.42847
-0.57449
-0.5892
-0.46906
-0.24139
0.041718
0.31537
0.51666
0.59927
0.54404
0.36346
0.09906
-0.18832
-0.43237
-0.57657
-0.58743
-0.46234
-0.23004
0.055695
0.32861
0.5253
0.59991
0.53497
0.34537
0.075165
-0.21265
-0.45093
-0.58392
-0.58035
-0.44092
-0.19809
0.091309
0.35938
0.54312
0.59921
0.51431
0.30823
0.029388
-0.2565
-0.48193
-0.59354
-0.56476
-0.40225
-0.14435
0.14789
0.40515
0.56625
0.59274
0.47818
0.24966
-0.038452
-0.3175
-0.52084
-0.59979
-0.53525
-0.34253
-0.067657
0.22354
0.46121
0.58817
0.57376
0.42123
0.16721
-0.12726
-0.39111
-0.56061
-0.5947
-0.48495
-0.25775
0.032013
0.31412
0.52008
0.59979
0.53372
0.33774
0.059418
-0.23349
-0.46957
-0.59106
-0.56818
-0.40631
-0.14493
0.15207
0.4119
0.57074
0.58948
0.46332
0.22311
-0.072144
-0.3497
-0.54114
-0.59906
-0.509
-0.29303
-0.0044861
0.28531
0.50449
0.59857
0.54407
0.35434
0.076385
-0.22067
-0.46289
-0.58975
-0.56952
-0.40698
-0.14267
0.15744
0.41824
0.57434
0.58646
0.45132
0.20279
-0.096863
-0.37225
-0.55399
-0.59613
-0.48792
-0.25647
0.039886
0.32626
0.53018
0.59985
0.51746
0.30371
0.012787
-0.28152
-0.50433
-0.59882
-0.54077
-0.34479
-0.06073
0.23895
0.47766
0.59424
0.55869
0.37997
0.1037
-0.19931
-0.45123
-0.58722
-0.57211
-0.40967
-0.14157
0.16315
0.42587
0.57864
0.58185
0.43442
0.17444
-0.13089
-0.40237
-0.56946
-0.58862
-0.45471
-0.20236
0.10281
0.38129
0.56036
0.59314
0.47092
0.22546
-0.079132
-0.3631
-0.55197
-0.59604
-0.48358
-0.24396
0.059967
0.34818
0.54477
0.59775
0.49298
0.25793
-0.045349
-0.33679
-0.53915
-0.59869
-0.49948
-0.26764
0.0354
0.32913
0.5354
0.59915
0.50327
0.2731
-0.03006
-0.32532
-0.53369
-0.59933
-0.50449
-0.27438
0.029388
0.32541
0.53409
0.59924
0.50314
0.27151
-0.033386
-0.32938
-0.53659
-0.59888
-0.49927
-0.2645
0.041992
0.33725
0.54108
0.59811
0.49265
0.25317
-0.055298
-0.34882
-0.54736
-0.59665
-0.48309
-0.23749
0.073151
0.36386
0.55505
0.59418
0.47031
0.21729
-0.095551
-0.3822
-0.56378
-0.59015
-0.45389
-0.19235
0.12238
0.40341
0.573
0.58411
0.43344
0.1626
-0.15344
-0.427
-0.58206
-0.57529
-0.40848
-0.12781
0.18854
0.45242
0.59012
0.56302
0.37851
0.088013
-0.22723
-0.47891
-0.59637
-0.54648
-0.34308
-0.043152
0.26901
0.50555
0.59973
0.52481
0.30176
-0.0066223
-0.3132
-0.53134
-0.59909
-0.49716
-0.25421
0.060974
0.35895
0.55502
0.59329
0.46271
0.20026
-0.11938
-0.40509
-0.5752
-0.58099
-0.42065
-0.13986
0.18109
0.45026
0.59033
0.561
