1651 9 5000 1 400 2
0.6
0.59548
0.58196
0.55959
0.52866
0.48962
0.443
0.3895
0.32989
0.26507
0.19603
0.12381
0.04953
-0.025655
-0.10056
-0.17401
-0.24483
-0.31187
-0.37404
-0.43033
-0.47979
-0.5216
-0.55504
-0.57952
-0.5946
-0.59999
-0.59554
-0.58128
-0.5574
-0.52425
-0.48232
-0.43228
-0.37492
-0.31116
-0.24207
-0.16876
-0.092474
-0.014488
0.063874
0.14127
0.21637
0.28785
0.35448
0.41506
0.46851
0.51387
0.55029
0.5771
0.59377
0.59996
0.59551
0.58045
0.55499
0.51953
0.47468
0.4212
0.36
0.29217
0.21891
0.14154
0.061443
-0.019907
-0.10102
-0.18039
-0.25653
-0.32802
-0.39349
-0.45169
-0.50149
-0.5419
-0.57213
-0.59155
-0.59973
-0.59648
-0.58179
-0.5559
-0.51925
-0.47251
-0.41653
-0.35236
-0.28121
-0.20445
-0.12356
-0.040115
0.044253
0.12787
0.20908
0.28624
0.35779
0.42227
0.47835
0.52487
0.56082
0.58545
0.59818
0.59872
0.58699
0.56318
0.52772
0.4813
0.42483
0.35944
0.28646
0.20737
0.12382
0.037532
-0.049673
-0.13595
-0.21947
-0.29844
-0.37115
-0.43602
-0.49161
-0.53669
-0.57023
-0.59146
-0.59986
-0.5952
-0.57752
-0.54714
-0.50468
-0.45104
-0.38733
-0.31494
-0.23544
-0.15057
-0.062216
0.027667
0.11705
0.20393
0.28631
0.3623
0.43016
0.48829
0.53533
0.57013
0.59186
0.59995
0.59416
0.57456
0.54155
0.49585
0.43848
0.37072
0.29414
0.2105
0.12176
0.030008
-0.062587
-0.15382
-0.24149
-0.32348
-0.39779
-0.4626
-0.5163
-0.55753
-0.58524
-0.5987
-0.59752
-0.58167
-0.55147
-0.50761
-0.45114
-0.38338
-0.30599
-0.22086
-0.13009
-0.035924
0.059268
0.15309
0.24317
0.3272
0.40302
0.46866
0.52241
0.56283
0.58883
0.59968
0.59505
0.57499
0.53996
0.49081
0.42878
0.35542
0.27264
0.18257
0.087555
-0.0099009
-0.10722
-0.20182
-0.29115
-0.37281
-0.44457
-0.50447
-0.55084
-0.58238
-0.59817
-0.59773
-0.58099
-0.54836
-0.50066
-0.43916
-0.36548
-0.28161
-0.18985
-0.092694
0.0071616
0.10695
0.20387
0.29519
0.37834
0.45093
0.51087
0.55642
0.58622
0.59937
0.59543
0.57445
0.53695
0.48397
0.41696
0.33782
0.24879
0.15241
0.051478
-0.051084
-0.15228
-0.24913
-0.33877
-0.41854
-0.48602
-0.53918
-0.57639
-0.59646
-0.59875
-0.58312
-0.54996
-0.50022
-0.43532
-0.35718
-0.26812
-0.1708
-0.068163
0.036685
0.14054
0.2402
0.3326
0.41485
0.48438
0.53898
0.5769
0.59691
0.5983
0.58097
0.54539
0.49262
0.42426
0.34242
0.24962
0.14879
0.043106
-0.064082
-0.16935
-0.26931
-0.36074
-0.44065
-0.50643
-0.5559
-0.58739
-0.59982
-0.5927
-0.56621
-0.52114
-0.45891
-0.3815
-0.29142
-0.19159
-0.085299
0.023952
0.13253
0.23682
0.3333
0.41872
0.49016
0.54516
0.58182
0.59883
0.59554
0.57198
0.52891
0.4677
0.39042
0.29963
0.19844
0.090285
-0.021114
-0.13191
-0.23825
-0.33642
-0.42297
-0.49482
-0.54941
-0.58477
-0.59957
-0.59323
-0.56591
-0.51849
-0.45259
-0.3705
-0.27509
-0.16973
-0.058173
0.055604
0.16751
0.27349
0.36969
0.45259
0.51914
0.56685
0.59391
0.59928
0.58267
0.54462
0.48647
0.4103
0.31885
0.21548
0.10399
-0.011504
-0.12669
-0.23727
-0.33907
-0.42823
-0.50136
-0.55565
-0.58897
-0.6
-0.58823
-0.55405
-0.49869
-0.42418
-0.33334
-0.22958
-0.11688
0.00046019
0.11791
0.23091
0.33507
0.42629
0.50099
0.55617
0.58962
0.59995
0.58669
0.55027
0.49207
0.41431
0.32002
0.2129
0.097182
-0.022544
-0.14149
-0.25489
-0.35816
-0.44711
-0.5181
-0.56819
-0.5953
-0.59824
-0.57681
-0.53183
-0.46504
-0.37912
-0.27754
-0.16443
-0.044418
0.077555
0.19644
0.3073
0.40549
0.48688
0.54801
0.58627
0.59998
0.58847
0.55217
0.49251
0.41197
0.31387
0.20234
0.082088
-0.041793
-0.16402
-0.27934
-0.38279
-0.46988
-0.53681
-0.58063
-0.59936
-0.59211
-0.55913
-0.50177
-0.42245
-0.32458
-0.21239
-0.090762
0.034984
0.15931
0.27673
0.38202
0.47047
0.53809
0.58182
0.59963
0.59064
0.55518
0.49475
0.41201
0.31061
0.19507
0.070591
-0.057214
-0.18255
-0.29969
-0.40328
-0.48853
-0.55148
-0.58918
-0.59982
-0.58282
-0.53889
-0.46998
-0.37921
-0.27074
-0.14955
-0.021272
0.10813
0.23259
0.34626
0.44376
0.52046
0.57266
0.59783
0.59469
0.56332
0.50512
0.42278
0.32017
0.20213
0.074296
-0.057236
-0.18614
-0.30619
-0.41156
-0.4971
-0.55861
-0.59302
-0.59859
-0.57495
-0.52318
-0.44573
-0.34633
-0.2298
-0.10183
0.031279
0.16297
0.28671
0.39633
0.48634
0.55219
0.59053
0.59936
0.57814
0.52787
0.45098
0.35129
0.23375
0.10427
-0.030618
-0.16408
-0.28931
-0.39991
-0.49017
-0.55542
-0.59225
-0.59868
-0.57429
-0.52025
-0.43928
-0.33549
-0.21419
-0.081653
0.05526
0.18942
0.3138
0.42186
0.50789
0.56731
0.59691
0.59504
0.56172
0.49862
0.40901
0.29758
0.1702
0.033627
-0.10487
-0.23788
-0.35825
-0.45948
-0.53605
-0.58378
-0.6
-0.58375
-0.53582
-0.45873
-0.35659
-0.23491
-0.10028
0.039957
0.17813
0.30664
0.41839
0.50716
0.568
0.59745
0.5938
0.55717
0.48949
0.39446
0.27732
0.14455
0.0035665
-0.13775
-0.27144
-0.38995
-0.48654
-0.55571
-0.59344
-0.59752
-0.56763
-0.50536
-0.4142
-0.29928
-0.16711
-0.025239
0.11821
0.25498
0.37716
0.47765
0.55057
0.59162
0.59834
0.57024
0.50886
0.4177
0.30202
0.16854
0.025045
-0.12005
-0.2582
-0.38122
-0.4818
-0.55393
-0.59325
-0.59733
-0.56584
-0.50057
-0.40532
-0.28572
-0.14888
-0.0029841
0.14322
0.28091
0.40176
0.49841
0.56493
0.59721
0.59319
0.55304
0.4791
0.37581
0.24941
0.10761
-0.040925
-0.18707
-0.3218
-0.43677
-0.52481
-0.58039
-0.59999
-0.58228
-0.52828
-0.44127
-0.32659
-0.19137
-0.044024
0.10621
0.24988
0.37792
0.4822
0.55605
0.59473
0.59568
0.55875
0.4862
0.38257
0.25439
0.10982
-0.041908
-0.19107
-0.32807
-0.44403
-0.53142
-0.58451
-0.59977
-0.57613
-0.51502
-0.42032
-0.29813
-0.15637
-0.0042496
0.14827
0.29118
0.41506
0.51169
0.57464
0.59965
0.58499
0.53152
0.44269
0.32434
0.18427
0.031789
-0.12294
-0.26957
-0.39822
-0.50022
-0.56863
-0.59876
-0.58847
-0.53837
-0.45174
-0.33439
-0.19421
-0.040689
0.11573
0.26436
0.39503
0.49873
0.56827
0.59879
0.58809
0.53681
0.44839
0.32887
0.18646
0.030985
-0.12677
-0.27582
-0.40574
-0.50741
-0.57364
-0.59969
-0.58366
-0.52655
-0.4323
-0.30747
-0.1608
-0.0026389
0.15584
0.30337
0.42944
0.52501
0.58318
0.59971
0.57332
0.5058
0.40189
0.26899
0.1166
-0.044318
-0.20216
-0.34549
-0.46388
-0.54867
-0.59361
-0.59534
-0.55362
-0.47141
-0.35462
-0.21174
-0.053198
0.10938
0.26402
0.3993
0.50518
0.57375
0.59983
0.5814
0.51971
0.41927
0.28747
0.13409
-0.029441
-0.19089
-0.33813
-0.46007
-0.54745
-0.59361
-0.59496
-0.55131
-0.46584
-0.34496
-0.19777
-0.035407
0.12978
0.28518
0.41888
0.5206
0.58246
0.59962
0.57064
0.49766
0.38621
0.24482
0.084366
-0.08275
-0.24357
-0.38556
-0.49762
-0.57093
-0.59969
-0.58154
-0.51779
-0.41334
-0.27632
-0.11744
0.050819
0.21519
0.36267
0.48152
0.56225
0.59837
0.58689
0.52863
0.42813
0.29333
0.13494
-0.034388
-0.20108
-0.35172
-0.47414
-0.5584
-0.59761
-0.58849
-0.53168
-0.43168
-0.29651
-0.13712
0.033577
0.20165
0.35336
0.47625
0.56017
0.59814
0.58694
0.52738
0.42426
0.28602
0.12401
-0.04839
-0.2169
-0.36751
-0.48764
-0.5672
-0.59947
-0.58164
-0.51509
-0.40531
-0.26141
-0.095421
0.078724
0.24636
0.3933
0.50707
0.57797
0.59987
0.57083
0.49318
0.37345
0.22177
0.05102
-0.12422
-0.28893
-0.42896
-0.53221
-0.58972
-0.59642
-0.55162
-0.4591
-0.32675
-0.16598
0.0093257
0.18394
0.34266
0.47161
0.55945
0.59841
0.58498
0.52021
0.4097
0.26307
0.093149
-0.085107
-0.25597
-0.4043
-0.5169
-0.58372
-0.5987
-0.56041
-0.47215
-0.34169
-0.18059
-0.0032213
0.17456
0.3368
0.46888
0.55884
0.59848
0.58413
0.51696
0.40294
0.25231
0.078667
-0.10224
-0.27397
-0.42084
-0.52938
-0.5896
-0.59587
-0.54752
-0.44885
-0.30885
-0.14031
0.041277
0.21918
0.37694
0.4999
0.5766
0.5998
0.56725
0.48186
0.35147
0.18818
0.0071832
-0.17461
-0.34016
-0.47387
-0.56312
-0.59941
-0.5792
-0.5043
-0.38165
-0.22279
-0.042697
0.14157
0.3125
0.4538
0.55192
0.59742
0.58583
0.51815
0.40075
0.2448
0.065211
-0.12078
-0.29524
-0.44133
-0.54486
-0.59571
-0.58886
-0.52485
-0.40979
-0.25476
-0.074809
0.11257
0.28906
0.43739
0.54296
0.59532
0.58922
0.52514
0.40928
0.25297
0.071555
-0.11705
-0.29419
-0.44226
-0.54651
-0.59646
-0.58704
-0.51906
-0.39921
-0.23935
-0.055425
0.13418
0.31044
0.4556
0.55499
0.59849
0.58161
0.50592
0.37898
0.21355
0.02633
-0.16368
-0.33716
-0.4764
-0.56712
-0.59996
-0.57144
-0.48436
-0.34755
-0.17494
0.015767
0.20497
0.37317
0.50293
0.58078
0.59855
0.55428
0.45244
0.30351
0.12289
-0.070655
-0.25695
-0.41651
-0.5326
-0.59296
-0.59115
-0.52724
-0.40783
-0.2454
-0.056978
0.13758
0.31771
0.46432
0.5618
0.5997
0.57389
0.48698
0.34811
0.17202
-0.022573
-0.21487
-0.38427
-0.51256
-0.58588
-0.59623
-0.54239
-0.43004
-0.27118
-0.082907
0.11446
0.29954
0.45223
0.55588
0.59911
0.5771
0.49212
0.35334
0.17582
-0.021057
-0.21575
-0.38688
-0.51558
-0.58762
-0.59493
-0.5366
-0.41894
-0.25486
-0.062444
0.13702
0.32139
0.47013
0.56662
0.6
0.56642
0.46951
0.32
0.13454
-0.066133
-0.2595
-0.4238
-0.54046
-0.59625
-0.58476
-0.50714
-0.37207
-0.19475
0.0047817
0.20389
0.37993
0.51279
0.58725
0.59469
0.53414
0.41239
0.2433
0.046175
-0.15637
-0.34105
-0.48655
-0.57601
-0.599
-0.55273
-0.44243
-0.28078
-0.086438
0.11807
0.30896
0.46397
0.56495
0.6
0.5649
0.46364
0.30796
0.11604
-0.089638
-0.28489
-0.44669
-0.5559
-0.59951
-0.57225
-0.47722
-0.32555
-0.13516
0.071419
0.26962
0.43582
0.55013
0.5988
0.5759
0.48404
0.3341
0.14397
-0.063567
-0.26358
-0.43197
-0.54835
-0.59859
-0.57648
-0.48458
-0.33389
-0.1426
0.066133
0.26694
0.43536
0.55079
0.59904
0.5741
0.47887
0.32492
0.13101
-0.079102
-0.27961
-0.44581
-0.55715
-0.59978
-0.56832
-0.46653
-0.30688
-0.10908
0.10238
0.30123
0.46271
0.56661
0.59988
0.55823
0.44673
0.27922
0.076614
-0.13573
-0.33114
-0.48499
-0.57784
-0.59786
-0.54239
-0.41832
-0.24122
-0.033455
0.17868
0.36824
0.51107
0.58891
0.59171
0.51899
0.3799
0.19213
-0.02036
-0.23036
-0.4109
-0.53873
-0.59729
-0.57892
-0.48585
-0.32998
-0.13135
0.084402
0.28934
0.45684
0.56508
0.59988
0.55658
0.44068
0.26719
0.058689
-0.15761
-0.35339
-0.50293
-0.58652
-0.59306
-0.52154
-0.38126
-0.1906
0.025332
0.23804
0.41936
0.54519
0.59876
0.57281
0.47066
0.30579
0.10005
-0.11915
-0.32255
-0.48292
-0.5787
-0.59694
-0.53505
-0.40122
-0.21333
0.0034011
0.2198
0.40663
0.53861
0.59777
0.57597
0.47603
0.31139
0.10433
-0.11705
-0.32261
-0.48426
-0.57986
-0.59623
-0.53098
-0.39293
-0.20088
0.018865
0.23614
0.42102
0.54797
0.59937
0.568
0.45804
0.28461
0.071619
-0.15142
-0.35355
-0.50661
-0.5892
-0.58969
-0.50788
-0.35505
-0.15247
0.071569
0.2857
0.45984
0.56946
0.59903
0.54424
0.41268
0.22279
0.0013159
-0.22046
-0.41114
-0.54362
-0.59899
-0.56927
-0.45854
-0.28243
-0.065955
0.16006
0.36331
0.5147
0.59244
0.58526
0.49407
0.33181
0.12173
-0.106
-0.31857
-0.48526
-0.58191
-0.59441
-0.52082
-0.37167
-0.16849
0.059297
0.27857
0.45739
0.56961
0.59874
0.54038
0.40294
0.2064
-0.020503
-0.24452
-0.43272
-0.55736
-0.59999
-0.55417
-0.42654
-0.23581
-0.010095
0.21723
0.41247
0.5466
0.59959
0.56342
0.44333
0.2571
0.032399
-0.19726
-0.39754
-0.5384
-0.59864
-0.56908
-0.45402
-0.27063
-0.046404
0.18494
0.3885
0.53348
0.59789
0.57182
0.4591
0.27667
0.052137
-0.18044
-0.38568
-0.53227
-0.59775
-0.572
-0.4588
-0.27535
-0.049615
0.18384
0.3892
0.53485
0.59829
0.56962
0.45312
0.26662
0.03883
-0.19508
-0.39891
-0.54101
-0.59923
-0.5644
-0.44178
-0.25032
-0.019756
0.21401
0.41447
0.55024
0.59996
0.5557
0.42426
0.22614
-0.0076218
-0.24031
-0.43526
-0.56168
-0.5995
-0.54261
-0.39986
-0.19371
0.043249
0.27347
0.46036
0.57413
0.59657
0.52394
0.36769
0.15263
-0.086929
-0.3127
-0.48849
-0.58602
-0.58952
-0.49827
-0.32681
-0.10263
0.13822
0.35687
0.51798
0.59539
0.57644
0.46406
0.27632
0.043615
-0.1963
-0.40439
-0.54669
-0.5999
-0.55519
-0.41972
-0.21551
0.024103
0.25988
0.45313
0.57202
0.59689
0.52351
0.3638
0.144
-0.099692
-0.32703
-0.50035
-0.59087
-0.58344
-0.47915
-0.29518
-0.062015
0.18159
0.39505
0.54269
0.59975
0.55654
0.42016
0.2133
-0.029441
-0.26736
-0.46045
-0.57616
-0.59489
-0.51333
-0.34509
-0.11846
0.12832
0.35349
0.51886
0.59629
0.5725
0.45138
0.25338
0.01213
-0.23131
-0.43539
-0.56517
-0.59835
-0.5291
-0.36913
-0.14576
0.10275
0.33372
0.50738
0.59371
0.57771
0.46198
0.26636
0.024585
-0.22157
-0.42944
-0.56291
-0.59868
-0.53039
-0.36977
-0.14466
0.10578
0.33788
0.51105
0.59493
0.57469
0.45372
0.2531
0.0079309
-0.23875
-0.44353
-0.57029
-0.59656
-0.51756
-0.34708
-0.11514
0.1373
0.36552
0.52902
0.59866
0.56194
0.42522
0.21271
-0.037826
-0.28173
-0.47542
-0.5842
-0.58847
-0.48731
-0.29871
-0.056398
0.19617
0.41356
0.5566
0.59939
0.53406
0.37225
0.14308
-0.11209
-0.34708
-0.51925
-0.59727
-0.56682
-0.43328
-0.22081
0.031997
0.27908
0.47533
0.58481
0.58736
0.48237
0.28891
0.042353
-0.21209
-0.42767
-0.56465
-0.5977
-0.52056
-0.34731
-0.10982
0.14808
0.3787
0.53926
0.59988
0.54917
0.39639
0.16981
-0.088493
-0.33042
-0.51083
-0.59593
-0.56968
-0.43684
-0.22212
0.03433
0.28446
0.48128
0.5877
0.58358
0.46952
0.26688
0.013776
-0.24205
-0.45221
-0.57688
-0.5923
-0.4954
-0.30441
-0.055482
0.20411
0.42496
0.56493
0.59719
0.51545
0.33515
0.090655
-0.17131
-0.40056
-0.55307
-0.59943
-0.53058
-0.35961
-0.1193
0.14411
0.37984
0.54231
0.6
0.5416
0.37827
0.14152
-0.12281
-0.3634
-0.53343
-0.59972
-0.5492
-0.39156
-0.15741
0.10759
0.35167
0.52702
0.59919
0.55388
0.39981
0.16711
-0.098558
-0.34494
-0.52347
-0.59882
-0.55598
-0.40325
-0.17069
0.095769
0.34337
0.52297
0.59881
0.55568
0.40199
0.16819
-0.099239
-0.34699
-0.52556
-0.59917
-0.55295
-0.39598
-0.15958
0.10895
0.35571
0.53109
0.5997
0.54758
0.38506
0.14478
-0.12484
-0.36934
-0.53923
-0.6
-0.53918
-0.36893
-0.1237
0.14679
0.38754
0.54947
0.59947
0.52719
0.34722
0.096195
-0.17462
-0.40979
-0.56107
-0.59731
-0.5109
-0.31944
-0.06218
0.208
0.43542
0.57312
0.59253
0.48947
0.28511
0.021624
-0.24646
-0.46353
-0.58445
-0.58395
-0.46197
-0.24375
0.025368
0.28931
0.49296
0.59368
0.57025
0.42742
0.19496
-0.078496
-0.33559
-0.52228
-0.59919
-0.55
-0.38488
-0.13852
0.13719
0.38403
0.54976
0.59918
0.52168
0.33351
0.074467
-0.20051
-0.43296
-0.57337
-0.59168
-0.48384
-0.27269
-0.0031926
0.2671
0.48034
0.59079
0.57462
0.43514
0.20213
-0.074424
-0.33509
-0.52369
-0.59949
-0.54598
-0.37453
-0.12206
0.15692
0.40204
0.56014
0.59679
0.50387
0.30142
0.033318
-0.24215
-0.46497
-0.58647
-0.58
-0.4468
-0.21583
0.06248
0.32722
0.52032
0.5993
0.54667
0.37381
0.11863
-0.1628
-0.40845
-0.56408
-0.59519
-0.49475
-0.28481
-0.011705
0.26411
0.48144
0.59197
0.57099
0.423
0.18076
-0.10185
-0.36186
-0.54121
-0.59971
-0.52413
-0.33121
-0.06401
0.21765
0.45059
0.58241
0.58336
0.45305
0.22065
-0.061586
-0.33004
-0.52408
-0.59976
-0.5398
-0.3576
-0.094292
0.19051
0.43218
0.57576
0.58847
0.46725
0.23954
-0.042884
-0.31563
-0.51641
-0.59921
-0.54495
-0.36587
-0.10285
0.18386
0.42848
0.57473
0.58885
0.46742
0.23824
-0.045974
-0.31969
-0.51967
-0.59957
-0.54076
-0.35667
-0.08983
0.19796
0.43991
0.5797
0.5847
0.45357
0.21669
-0.070827
-0.34193
-0.53325
-0.59995
-0.52628
-0.32929
-0.055024
0.23226
0.46512
0.58874
0.57391
0.42394
0.174
-0.11708
-0.38064
-0.55437
-0.59708
-0.49848
-0.28177
0.0018408
0.28512
0.50081
0.59753
0.55215
0.37527
0.10889
-0.18357
-0.43232
-0.57788
-0.58531
-0.45266
-0.21153
0.080414
0.35318
0.54124
0.59928
0.51318
0.30349
0.020582
-0.2674
-0.49095
-0.59598
-0.55695
-0.38312
-0.11643
0.1786
0.43041
0.5778
0.58483
0.44962
0.20489
-0.089859
-0.36281
-0.54732
-0.59821
-0.50287
-0.28445
0.0037103
0.29108
0.50716
0.59881
0.54336
0.35426
0.077897
-0.21777
-0.45986
-0.58857
-0.57198
-0.41401
-0.15356
0.14501
0.40777
0.5695
0.58994
0.46384
0.22236
-0.074538
-0.35299
-0.54357
-0.59863
-0.50424
-0.28383
0.0076577
0.29734
0.51265
0.59951
0.53598
0.33782
0.05468
-0.24233
-0.47845
-0.5941
-0.55998
-0.38451
-0.11185
0.18919
0.44248
0.58382
0.57726
0.42426
0.16351
-0.13889
-0.40608
-0.57004
-0.58887
-0.4576
-0.20953
0.092133
0.37037
0.55399
0.59587
0.48513
0.24996
-0.049444
-0.33626
-0.53676
-0.59926
-0.50751
-0.28496
0.011159
0.30451
0.51932
0.59997
0.52542
0.3148
0.022515
-0.27572
-0.5025
-0.59882
-0.53949
-0.33977
-0.051478
0.25033
0.48696
0.59656
0.55033
0.36018
0.075701
-0.22871
-0.47329
-0.5938
-0.55845
-0.37635
-0.095201
0.21111
0.46192
0.59106
0.5643
0.38853
0.11002
-0.19769
-0.4532
-0.58874
-0.56825
-0.39697
-0.12021
0.1886
0.44736
0.58713
0.57054
0.40182
0.12581
-0.1839
-0.44457
-0.58643
-0.57135
-0.40319
-0.12685
0.18362
0.4449
0.58669
0.57072
0.40109
0.12334
-0.18778
-0.44834
-0.5879
-0.56862
-0.3955
-0.11525
0.19633
0.45479
0.58993
0.56489
0.38629
0.10255
-0.20922
-0.4641
-0.59252
-0.55929
-0.37329
-0.085192
0.22632
0.47598
0.59533
0.55147
0.35626
0.063131
-0.24746
-0.49009
-0.59789
-0.541
-0.33491
-0.036333
0.27239
0.50594
0.59963
0.52735
0.30895
0.0048032
-0.30079
-0.52296
-0.59987
-0.50995
-0.27805
0.031394
0.3322
0.54042
0.59781
0.48815
0.24193
-0.072105
-0.36605
-0.55749
-0.59258
-0.4613
-0.20034
0.11705
0.40162
0.57316
0.5832
0.42871
0.15313
-0.16581
-0.43799
-0.58631
-0.56864
-0.38979
-0.1003
0.21776
0.47407
0.59569
0.54784
0.34398
0.042009
-0.27205
-0.50857
-0.5999
-0.51976
-0.2909
0.021344
0.32758
0.53999
0.5975
0.48342
0.23035
-0.089069
-0.38297
-0.56663
-0.58699
-0.43798
-0.16244
0.16015
0.43653
0.58666
0.5669
0.38281
0.087583
-0.23317
-0.48629
-0.59809
-0.53588
-0.31758
-0.0066439
0.30634
0.53002
0.59894
0.49278
0.2424
-0.079038
-0.37743
-0.56525
-0.58724
-0.43676
-0.15786
0.16758
0.4438
0.58937
0.56123
0.36748
0.065154
-0.25653
-0.50247
-0.59978
-0.51948
-0.28517
0.033814
0.34287
0.55017
0.59397
0.46105
0.1908
-0.1364
-0.42304
-0.58353
-0.56978
-0.38572
-0.086217
0.2392
0.49307
0.5992
0.52559
0.29413
-0.025792
-0.33807
-0.54871
-0.59417
-0.46056
-0.18798
0.14143
0.42824
0.58568
0.56598
0.37492
0.070184
-0.25593
-0.5045
-0.59994
-0.51309
-0.27015
0.055095
0.36367
0.5615
0.5881
0.43518
0.14925
-0.18242
-0.45838
-0.59408
-0.54778
-0.33348
-0.016766
0.30521
0.53348
0.59775
0.47804
0.21104
-0.12111
-0.41602
-0.58258
-0.56921
-0.37984
-0.072868
0.25677
0.50695
