1651 9 5000 1 400 2
19661
19513
19070
18337
17323
16044
14516
12763
10810
8686
6424
4057
1623
-841
-3295
-5702
-8023
-10219
-12257
-14101
-15722
-17092
-18188
-18990
-19484
-19660
-19515
-19047
-18265
-17179
-15805
-14165
-12285
-10196
-7932
-5530
-3030
-475
2093
4629
7090
9432
11616
13601
15352
16838
18032
18910
19457
19659
19514
19020
18186
17024
15554
13802
11796
9574
7173
4638
2013
-652
-3310
-5911
-8406
-10749
-12894
-14801
-16433
-17757
-18748
-19384
-19652
-19545
-19064
-18216
-17015
-15483
-13649
-11546
-9215
-6699
-4049
-1314
1450
4190
6851
9380
11724
13837
15675
17199
18377
19184
19601
19619
19234
18454
17292
15771
13921
11778
9387
6795
4057
1230
-1628
-4455
-7192
-9779
-12162
-14288
-16109
-17586
-18685
-19381
-19656
-19504
-18924
-17929
-16537
-14780
-12692
-10320
-7715
-4934
-2039
907
3835
6682
9382
11872
14095
16000
17542
18682
19394
19659
19469
18827
17746
16248
14368
12148
9638
6898
3990
983
-2051
-5040
-7913
-10600
-13035
-15158
-16918
-18269
-19177
-19618
-19580
-19060
-18071
-16633
-14783
-12563
-10027
-7237
-4263
-1177
1942
5016
7968
10722
13206
15357
17118
18443
19295
19650
19499
18841
17693
16083
14050
11646
8934
5982
2869
-324
-3513
-6613
-9540
-12216
-14568
-16530
-18050
-19083
-19601
-19586
-19038
-17969
-16406
-14390
-11976
-9228
-6221
-3037
235
3505
6680
9673
12397
14776
16740
18233
19209
19640
19511
18824
17595
15859
13663
11070
8152
4994
1687
-1674
-4990
-8163
-11101
-13715
-15926
-17668
-18887
-19545
-19620
-19108
-18021
-16391
-14265
-11704
-8786
-5597
-2234
1202
4605
7871
10899
13594
15872
17661
18904
19560
19605
19037
17871
16142
13902
11220
8180
4876
1412
-2100
-5549
-8825
-11821
-14439
-16595
-18216
-19248
-19655
-19422
-18554
-17077
-15038
-12501
-9549
-6278
-2795
785
4343
7760
10922
13721
16062
17864
19065
19622
19515
18743
17331
15326
12793
9818
6502
2958
-692
-4322
-7807
-11024
-13860
-16214
-18003
-19162
-19647
-19439
-18544
-16990
-14830
-12141
-9014
-5562
-1906
1822
5489
8962
12114
14830
17011
18575
19461
19637
19093
17846
15941
13445
10448
7061
3408
-377
-4151
-7775
-11111
-14032
-16429
-18208
-19299
-19661
-19275
-18155
-16341
-13900
-10923
-7523
-3830
15
3864
7566
10980
13969
16416
18225
19321
19659
19225
18031
16124
13576
10486
6976
3184
-739
-4636
-8352
-11736
-14651
-16977
-18618
-19507
-19603
-18901
-17427
-15238
-12423
-9094
-5388
-1455
2541
6437
10070
13287
15954
17957
19211
19660
19283
18094
16139
13499
10285
6630
2690
-1369
-5375
-9153
-12543
-15397
-17590
-19026
-19640
-19402
-18322
-16442
-13843
-10636
-6960
-2974
1146
5220
9068
12518
15416
17632
19065
19649
19354
18192
16212
13501
10178
6392
2313
-1875
-5982
-9820
-13215
-16008
-18071
-19306
-19655
-19098
-17658
-15400
-12426
-8872
-4900
-697
3543
7622
11346
14541
17054
18765
19590
19487
18459
16552
13854
10491
6623
2435
-1876
-6099
-10033
-13486
-16289
-18305
-19432
-19615
-18840
-17144
-14606
-11349
-7530
-3337
1025
5340
9395
12987
15936
18094
19350
19640
18944
17297
14778
11511
7660
3417
-1003
-5377
-9480
-13104
-16062
-18200
-19407
-19618
-18818
-17048
-14394
-10993
-7019
-2676
1811
6207
10283
13824
16643
18590
19560
19498
18406
16339
13402
9751
5577
1102
-3436
-7795
-11739
-15056
-17565
-19129
-19661
-19128
-17558
-15032
-11685
-7698
-3286
1309
5837
10048
13710
16619
18612
19577
19458
18257
16040
12926
9087
4737
117
-4514
-8895
-12778
-15943
-18210
-19446
-19580
-18600
-16560
-13573
-9807
-5476
-827
3874
8355
12359
15652
18041
19386
19606
18686
16674
13687
9897
5523
821
-3934
-8461
-12492
-15788
-18151
-19440
-19573
-18541
-16403
-13282
-9362
-4878
-98
4693
9205
13165
16332
18512
19569
19438
18122
15699
12315
8173
3526
-1341
-6130
-10545
-14312
-17197
-19018
-19660
-19080
-17311
-14460
-10702
-6271
-1443
3480
8188
12384
15801
18221
19488
19519
18309
15932
12536
8336
3599
-1373
-6261
-10750
-14550
-17414
-19153
-19653
-18879
-16876
-13773
-9769
-5124
-139
4859
9541
13601
16767
18830
19649
19169
17417
14506
10628
6038
1042
-4028
-8833
-13049
-16391
-18633
-19620
-19283
-17641
-14803
-10957
-6364
-1333
3792
8663
12944
16342
18621
19621
19271
17590
14693
10776
6110
1015
-4154
-9038
-13295
-16627
-18797
-19651
-19125
-17254
-14166
-10075
-5269
-86
5107
9941
14072
17204
19110
19651
18787
16574
13169
8814
3821
-1452
-6624
-11321
-15200
-17979
-19451
-19508
-18141
-15447
-11620
-6938
-1743
3584
8651
13084
16554
18801
19655
19051
17030
13739
9420
4394
-965
-6255
-11080
-15076
-17939
-19451
-19496
-18065
-15265
-11304
-6481
-1160
4253
9345
13726
17059
19086
19648
18699
16307
12655
8022
2765
-2712
-7981
-12634
-16306
-18708
-19651
-19056
-16967
-13544
-9054
-3848
1665
7051
11884
15778
18424
19607
19231
17322
14029
9612
4422
-1127
-6589
-11525
-15537
-18298
-19582
-19284
-17422
-14145
-9716
-4493
1100
6608
11579
15606
18356
19600
19233
17281
13902
9372
4064
-1586
-7107
-12043
-15979
-18586
-19643
-19059
-16878
-13281
-8566
-3127
2580
8073
12888
16616
18939
19657
18705
16161
12237
7267
1672
-4070
-9468
-14056
-17439
-19324
-19543
-18075
-15044
-10707
-5439
306
6027
11228
15454
18332
19609
19169
17046
13425
8620
3052
-2789
-8388
-13248
-16938
-19127
-19618
-18364
-15471
-11196
-5918
-106
5720
11036
15364
18312
19611
19141
16940
13204
8268
2578
-3350
-8977
-13790
-17347
-19320
-19525
-17941
-14708
-10120
-4598
1353
7182
12352
16381
18894
19654
18588
15790
11517
6166
235
-5722
-11146
-15528
-18452
-19641
-18979
-16525
-12506
-7300
-1399
4639
10240
14870
18085
19576
19196
16979
13132
8022
2137
-3958
-9674
-14462
-17854
-19520
-19296
-17198
-13428
-8348
-2451
3689
9472
14332
17792
19507
19308
17208
13411
8289
2345
-3835
-9640
-14492
-17908
-19545
-19236
-17009
-13081
-7843
-1816
4397
10172
14929
18186
19611
19058
16578
12418
6998
863
-5363
-11048
-15611
-18583
-19659
-18725
-15872
-11389
-5732
517
6716
12228
16480
19031
19613
18163
14826
9945
4027
-2315
-8420
-13648
-17452
-19430
-19371
-17277
-13364
-8041
-1867
4508
10411
15215
18409
19651
18805
15957
11407
5637
-740
-7041
-12592
-16796
-19198
-19537
-17773
-14092
-8886
-2717
3751
9815
14819
18215
19632
18910
16126
11578
5761
-690
-7070
-12677
-16895
-19255
-19495
-17583
-13728
-8351
-2046
4490
10531
15405
18567
19661
18560
15385
10486
4409
-2167
-8503
-13887
-17710
-19538
-19161
-16618
-12192
-6382
157
6681
12450
16803
19243
19487
17503
13513
7972
1513
-5124
-11176
-15943
-18875
-19628
-18112
-14498
-9201
-2832
3869
10124
15203
18512
19661
18511
15193
10091
3802
-2937
-9335
-14637
-18216
-19645
-18751
-15638
-10668
-4429
2340
8835
14281
18027
19621
18871
15861
10948
4718
-2083
-8637
-14155
-17968
-19615
-18890
-15879
-10941
-4673
2167
8747
14266
18048
19629
18812
15692
10647
4293
-2592
-9162
-14608
-18257
-19654
-18623
-15287
-10056
-3574
3355
9871
15162
18567
19657
18292
14638
9149
2510
-4448
-10851
-15892
-18935
-19591
-17773
-13708
-7904
-1096
5855
12066
16747
19297
19389
17006
12449
6296
-667
-7548
-13464
-17653
-19572
-18970
-15920
-10813
-4304
2766
9481
14970
18517
19657
18238
14440
8755
1923
-5165
-11580
-16480
-19219
-19433
-17090
-12493
-6246
830
7800
13742
17865
19620
18770
15423
10020
3278
-3904
-10569
-15824
-18963
-19561
-17533
-13147
-6990
111
7202
13324
17649
19588
18873
15599
10204
3419
-3835
-10571
-15868
-19001
-19537
-17399
-12876
-6582
618
7738
13796
17956
19640
18612
15009
9326
2347
-4962
-11585
-16601
-19307
-19323
-16642
-11634
-4996
2345
9362
15068
18660
19629
17834
13523
7300
43
-7224
-13472
-17813
-19628
-18654
-15025
-9255
-2161
5245
11905
16866
19413
19178
16190
10873
3989
-3473
-10439
-15901
-19068
-19478
-17066
-12179
-5521
1943
9128
14988
18665
19620
17707
13204
6763
-672
-8012
-14179
-18264
-19660
-18159
-13977
-7727
-331
7118
13516
17911
19647
18462
14527
8425
1062
-6464
-13027
-17642
-19616
-18648
-14877
-8868
-1521
6060
12730
17481
19592
18737
15044
9066
1708
-5913
-12638
-17441
-19587
-18743
-15034
-9023
-1626
6024
12753
17526
19605
18665
14848
8737
1272
-6392
-13071
-17728
-19636
-18494
-14476
-8202
-647
7013
13581
18030
19659
18209
13902
7410
-250
-7874
-14263
-18405
-19644
-17780
-13103
-6347
1417
8961
15085
18813
19548
17168
12048
5001
-2848
-10247
-16007
-19203
-19317
-16327
-10709
-3363
4529
11694
16973
19510
18889
15206
9054
1429
-6432
-13251
-17914
-19658
-18192
-13753
-7062
790
8516
14848
18744
19559
17154
11921
4719
-3267
-10716
-16395
-19362
-19118
-15701
-9672
-2032
5950
12945
17783
19653
18237
13768
6989
-965
-8761
-15088
-18880
-19493
-16821
-11308
-3882
4205
11583
17002
19539
18760
14791
8303
397
-7580
-14267
-18519
-19607
-17338
-12096
-4776
3367
10935
16626
19455
18930
15138
8728
806
-7260
-14072
-18445
-19618
-17380
-12117
-4740
3466
11072
16746
19495
18831
14867
8294
260
-7823
-14534
-18687
-19548
-16959
-11373
-3773
4499
11977
17335
19617
18414
13934
6970
-1239
-9232
-15579
-19143
-19283
-15968
-9788
-1848
6428
13552
18239
19641
17500
12198
4688
-3673
-11373
-17015
-19571
-18574
-14198
-7236
1048
9145
15576
19163
19247
15806
9467
1388
-6950
-14014
-18502
-19585
-17058
-11381
-3599
4852
12409
17670
19657
17995
12989
5564
-2900
-10827
-16739
-19527
-18667
-14314
-7278
1125
9321
15771
19258
19123
15385
8745
451
-7931
-14818
-18903
-19408
-16233
-9975
-1818
6688
13925
18512
19569
16890
10982
2971
-5613
-13126
-18123
-19642
-17386
-11784
-3909
4722
12447
17770
19661
17747
12395
4637
-4024
-11908
-17479
-19652
-17996
-12831
-5158
3526
11524
17269
19634
18150
13101
5476
-3230
-11303
-17153
-19622
-18218
-13214
-5593
3138
11252
17137
19622
18209
13172
5511
-3252
-11370
-17222
-19634
-18119
-12975
-5229
3570
11656
17403
19651
17943
12618
4744
-4091
-12103
-17669
-19661
-17668
-12089
-4053
4810
12699
18005
19643
17275
11378
3152
-5722
-13428
-18385
-19573
-16741
-10467
-2038
6816
14268
18780
19416
16039
9342
709
-8076
-15189
-19151
-19135
-15138
-7987
831
9480
16153
19454
18686
14006
6388
-2572
-10997
-17114
-19634
-18022
-12612
-4539
4495
12584
18015
19634
17094
10928
2440
-6570
-14187
-18788
-19388
-15854
-8936
-105
8752
15740
19359
18829
14259
6623
-2439
-10980
-17160
-19644
-17891
-12273
-4000
5142
13174
18355
19556
16511
9877
1092
-7935
-15236
-19217
-19005
-14641
-7072
2047
10722
17050
19638
17913
12249
3887
-5335
-13384
-18484
-19503
-16212
-9333
-384
8654
15776
19398
18710
13861
5923
-3337
-11857
-17734
-19651
-17175
-10853
-2097
7132
14765
19084
19116
14846
7230
-2018
-10815
-17173
-19653
-17688
-11718
-3090
6243
14162
18867
19283
15311
7849
-1405
-10343
-16922
-19635
-17857
-11989
-3370
6025
14040
18833
19295
15316
7807
-1506
-10476
-17029
-19647
-17720
-11687
-2944
6487
14415
18996
19159
14863
7100
-2321
-11204
-17474
-19659
-17245
-10790
-1803
7611
15241
19292
18806
13892
5702
-3836
-12473
-18166
-19565
-16334
-9233
60
9343
16411
19580
18093
12297
3568
-6015
-14166
-18936
-19179
-14833
-6931
2635
11573
17735
19637
16816
9945
674
-8762
-16087
-19529
-18250
-12554
-3815
5852
14104
18933
19164
14733
6714
-2944
-11889
-17935
-19602
-16478
-9321
122
9538
16619
19622
17805
11608
2553
-7136
-15069
-19286
-18743
-13566
-5032
4752
13362
18661
19331
15199
7286
-2442
-11567
-17812
-19616
-16523
-9301
251
9743
16799
19645
17563
11070
1792
-7941
-15678
-19467
-18349
-12600
-3665
6199
14499
19131
18916
13902
5358
-4551
-13306
-18679
-19296
-14995
-6866
3019
12136
18153
19525
15897
8191
-1620
-11019
-17589
-19637
-16630
-9338
366
9978
17017
19660
17217
10315
738
-9035
-16466
-19622
-17678
-11134
-1687
8203
15957
19548
18033
11802
2481
-7494
-15509
-19458
-18299
-12332
-3120
6918
15136
19368
18491
12731
3605
-6478
-14850
-19292
-18620
-13008
-3939
6180
14659
19239
18695
13167
4123
-6026
-14568
-19216
-18722
-13212
-4157
6017
14578
19225
18701
13143
4042
-6153
-14691
-19264
-18633
-12960
-3777
6433
14903
19331
18510
12658
3360
-6856
-15208
-19416
-18327
-12232
-2792
7416
15597
19508
18071
11674
2069
-8109
-16059
-19592
-17727
-10974
-1191
8926
16579
19649
17280
10124
157
-9856
-17136
-19657
-16710
-9111
1029
10886
17708
19589
15996
7928
-2363
-11995
-18268
-19418
-15116
-6565
3835
13160
18781
19110
14048
5018
-5433
-14352
-19212
-18633
-12773
-3287
7136
15534
19520
17952
11272
1377
-8915
-16665
-19658
-17031
-9532
699
10734
17694
19579
15841
7548
-2919
-12549
-18567
-19234
-14352
-5323
5248
14304
19224
18576
12544
2870
-7641
-15935
-19598
-17560
-10406
-218
10038
17368
19626
16147
7943
-2590
-12368
-18522
-19243
-14312
-5173
5491
14542
19312
18390
12042
2135
-8406
-16465
-19654
-17022
-9344
1108
11235
18028
19463
15108
6252
-4470
-13862
-19121
-18671
-12639
-2825
7838
16157
19635
17223
9638
-845
-11078
-17980
-19470
-15092
-6160
4634
14033
19192
18546
12285
2300
-8386
-16531
-19659
-16813
-8852
1805
11917
18399
19271
14260
4891
-5978
-15020
-19467
-17950
-10927
-549
10001
17481
19587
15664
6915
-3969
-13632
-19090
-18652
-12447
-2388
8414
16612
