1651 9 5000 1 400 2
0
0
0
-1.8311e-05
-1.8173e-05
5.5054e-07
1.9406e-05
1.4886e-06
-1.6588e-05
2.0694e-06
3.9145e-05
3.9288e-05
-1.6093e-05
-5.334e-05
-1.6823e-05
5.6845e-05
3.8657e-05
-5.3496e-05
-7.2297e-05
3.8024e-05
0.00011198
2.0012e-05
-0.00012789
-9.187e-05
0.0001106
0.00016645
-3.6139e-05
-0.0002214
-5.6825e-05
0.00023803
0.00020194
-0.00016707
-0.00031661
5.0199e-05
0.00040072
0.0001619
-0.00037412
-0.00035923
0.00026546
0.00056129
-9.715e-06
-0.00063981
-0.00029453
0.00058883
0.00062771
-0.00036798
-0.00090785
-4.6478e-05
0.00098692
0.0005301
-0.00087201
-0.001063
0.00042683
0.0013722
0.00016171
-0.0015181
-0.00097218
0.0011856
0.001639
-0.00054742
-0.0021378
-0.00046698
0.0021391
0.0015648
-0.0016193
-0.0025508
0.00055917
0.0031349
0.00094022
-0.0030248
-0.0025246
0.0021557
0.003909
-0.00046266
-0.0045857
-0.0017127
0.0043389
0.0041085
-0.0028325
-0.0060113
0.00027001
0.0070158
0.0032146
-0.0064317
-0.0068803
0.0040327
0.010078
0.0003252
-0.011777
-0.0063245
0.011148
0.013515
-0.0071191
-0.021137
-0.0014326
0.028769
0.017346
-0.037271
-0.052316
0.063723
0.30058
0.53469
0.64161
0.60927
0.52812
0.4813
0.46839
0.43811
0.36766
0.28465
0.21978
0.16645
0.098654
0.011769
-0.073251
-0.14164
-0.20297
-0.27238
-0.34674
-0.40997
-0.45626
-0.49567
-0.53648
-0.57246
-0.59258
-0.59681
-0.59436
-0.58908
-0.57438
-0.54411
-0.50182
-0.45521
-0.40535
-0.3469
-0.2778
-0.20333
-0.12928
-0.055171
0.022562
0.1032
0.18129
0.25317
0.32018
0.38435
0.44365
0.49373
0.53305
0.56352
0.58624
0.5992
0.59991
0.58874
0.56797
0.53848
0.49912
0.44932
0.39086
0.32624
0.25643
0.1813
0.10177
0.020289
-0.060835
-0.14063
-0.21855
-0.29307
-0.36195
-0.42358
-0.47734
-0.52271
-0.55849
-0.58341
-0.59696
-0.59928
-0.59048
-0.57035
-0.53896
-0.49697
-0.44546
-0.3854
-0.31768
-0.24348
-0.16435
-0.082009
0.0020052
0.086184
0.16887
0.24829
0.32279
0.39092
0.45136
0.50283
0.54419
0.57455
0.59326
0.59995
0.59436
0.57656
0.54684
0.5058
0.45423
0.39315
0.3238
0.24757
0.16605
0.080909
-0.0060601
-0.093028
-0.17815
-0.25961
-0.33565
-0.40463
-0.46503
-0.5155
-0.55492
-0.58239
-0.59725
-0.59914
-0.58794
-0.56385
-0.52735
-0.47917
-0.42034
-0.35211
-0.27596
-0.19356
-0.10671
-0.017344
0.07254
0.16092
0.24578
0.3252
0.39733
0.46051
0.51325
0.55429
0.58265
0.59761
0.59877
0.58604
0.55967
0.52021
0.46853
0.40579
0.33342
0.25308
0.16664
0.076125
-0.016322
-0.10851
-0.19823
-0.28331
-0.3617
-0.43148
-0.49091
-0.53853
-0.57311
-0.59377
-0.59993
-0.5914
-0.56831
-0.53118
-0.48086
-0.41856
-0.34577
-0.26426
-0.17604
-0.08328
0.011694
0.1065
0.19875
0.28608
0.36626
0.43722
0.49711
0.54435
0.57768
0.59617
0.5993
0.58692
0.55929
0.51707
0.46131
0.39339
0.31507
0.22836
0.13552
0.038967
-0.058746
-0.15503
-0.2473
-0.33309
-0.41006
-0.47612
-0.52944
-0.56853
-0.59229
-0.59999
-0.59138
-0.56662
-0.52632
-0.47154
-0.40372
-0.32468
-0.23656
-0.14177
-0.042922
0.05725
0.15595
0.25041
0.33795
0.4161
0.48261
0.53555
0.57336
0.59492
0.59955
0.58705
0.55771
0.51231
0.45211
0.37877
0.29438
0.20134
0.10232
0.00020089
-0.10205
-0.20144
-0.29504
-0.38006
-0.45397
-0.51452
-0.55988
-0.58863
-0.59986
-0.59317
-0.56869
-0.52709
-0.46955
-0.39777
-0.31385
-0.2203
-0.11994
-0.015801
0.088952
0.19111
0.28751
0.37518
0.45137
0.51368
0.56013
0.58922
0.59996
0.59197
0.56541
0.52107
0.46027
0.38487
0.29721
0.20001
0.096335
-0.010531
-0.11719
-0.22022
-0.3163
-0.40233
-0.47547
-0.53334
-0.57399
-0.59605
-0.59872
-0.58185
-0.54593
-0.49206
-0.42195
-0.33786
-0.24251
-0.13902
-0.030802
0.078571
0.18545
0.28627
0.37761
0.45637
0.51986
0.5659
0.59285
0.59974
0.58627
0.55282
0.50045
0.43091
0.34652
0.25012
0.14499
0.034735
-0.076847
-0.18589
-0.2886
-0.38137
-0.46092
-0.52443
-0.5696
-0.5948
-0.59906
-0.58216
-0.54462
-0.48772
-0.41339
-0.32425
-0.22341
-0.11447
-0.0012884
0.11206
0.2215
0.32306
0.41302
0.48809
0.54548
0.58305
0.59934
0.5937
0.56625
0.51794
0.45047
0.36627
0.26841
0.16048
0.04646
-0.069421
-0.18284
-0.28953
-0.38546
-0.467
-0.53101
-0.57503
-0.59731
-0.59695
-0.57387
-0.52889
-0.46365
-0.38058
-0.28282
-0.17407
-0.058491
0.05947
0.17525
0.28436
0.38254
0.46591
0.53117
0.57571
0.59771
0.59624
0.57129
0.52375
0.45544
0.36899
0.26779
0.15582
0.03751
-0.082422
-0.19918
-0.30806
-0.40466
-0.48504
-0.54589
-0.58469
-0.5998
-0.59051
-0.55715
-0.50098
-0.42424
-0.33002
-0.22213
-0.10497
0.016645
0.1377
0.25317
0.35823
0.4485
0.52013
0.57009
0.59622
0.59734
0.57331
0.52509
0.45463
0.36484
0.25948
0.14298
0.020264
-0.10344
-0.22285
-0.33282
-0.4286
-0.50603
-0.56171
-0.59316
-0.59894
-0.57873
-0.53332
-0.46462
-0.37555
-0.26996
-0.15242
-0.028058
0.097661
0.2192
0.33117
0.42857
0.50705
0.56304
0.59399
0.59843
0.57609
0.52789
0.45592
0.36334
0.25427
0.1336
0.0067469
-0.12053
-0.24246
-0.35345
-0.44841
-0.52294
-0.57356
-0.59788
-0.59469
-0.56406
-0.50733
-0.42704
-0.32686
-0.21138
-0.085928
0.043654
0.17132
0.29108
0.39728
0.4849
0.54973
0.58865
0.59974
0.5824
0.53736
0.46669
0.37368
0.26272
0.13906
0.0086088
-0.12238
-0.2476
-0.36099
-0.45702
-0.53099
-0.57925
-0.59938
-0.5903
-0.55238
-0.4874
-0.39845
-0.28984
-0.16685
-0.035525
0.097683
0.22618
0.34358
0.44401
0.52243
0.57486
0.5986
0.59239
0.55644
0.49248
0.40365
0.29437
0.1701
0.037093
-0.09792
-0.22808
-0.34674
-0.44781
-0.52607
-0.57744
-0.59922
-0.5902
-0.55076
-0.48284
-0.38988
-0.27663
-0.14891
-0.01332
0.12309
0.25319
0.37017
0.46785
0.54106
0.58587
0.59984
0.58215
0.53364
0.4568
0.35564
0.23546
0.10262
-0.035815
-0.17246
-0.3
-0.41154
-0.50104
-0.56362
-0.59582
-0.59582
-0.56354
-0.50062
-0.41042
-0.29777
-0.16876
-0.030406
0.10974
0.24399
0.36494
0.46589
0.54122
0.58669
0.59969
0.57943
0.52693
0.44504
0.33823
0.21243
0.07461
-0.067517
-0.20598
-0.33296
-0.44127
-0.52474
-0.57858
-0.59965
-0.58667
-0.54028
-0.46304
-0.35929
-0.23488
-0.096895
0.046776
0.18789
0.31829
0.43043
0.51776
0.57517
0.59925
0.5885
0.54345
0.46665
0.36249
0.23702
0.097528
-0.047814
-0.19047
-0.32201
-0.43464
-0.52164
-0.57779
-0.59966
-0.58588
-0.53716
-0.45632
-0.34811
-0.21894
-0.076528
0.070609
0.21362
0.34386
0.45344
0.53565
0.58543
0.59969
0.57745
0.51999
0.43071
0.31501
0.1799
0.033622
-0.11484
-0.25636
-0.38217
-0.48447
-0.55684
-0.59474
-0.5957
-0.55959
-0.48855
-0.38693
-0.26102
-0.11864
0.031312
0.17942
0.31634
0.43342
0.5232
0.57992
0.5999
0.58179
0.52663
0.43785
0.32103
0.18357
0.034246
-0.11741
-0.26164
-0.38914
-0.49164
-0.56246
-0.59692
-0.59271
-0.55
-0.47147
-0.36216
-0.22911
-0.080977
0.072586
0.22151
0.35601
0.46718
0.54763
0.59199
0.59722
0.56288
0.49115
0.38671
0.25643
0.10894
-0.04595
-0.19789
-0.33669
-0.45299
-0.53892
-0.58861
-0.59863
-0.56819
-0.49926
-0.39641
-0.26655
-0.11845
0.037834
0.19167
0.33252
0.45071
0.53808
0.58856
0.59856
0.56731
0.49687
0.392
0.2599
0.10967
-0.048307
-0.20305
-0.34376
-0.46058
-0.54527
-0.59182
-0.59689
-0.56
-0.48366
-0.37316
-0.23621
-0.082446
0.077282
0.23165
0.36968
0.48149
0.55906
0.59675
0.59179
0.54442
0.45794
0.33847
0.19454
0.036468
-0.12436
-0.27632
-0.40837
-0.5109
-0.57636
-0.59992
-0.57975
-0.51722
-0.41682
-0.28579
-0.13369
0.028352
0.18843
0.33474
0.45645
0.54449
0.59226
0.59613
0.55571
0.47389
0.35669
0.21276
0.052817
-0.1112
-0.26701
-0.40288
-0.50853
-0.57595
-0.59994
-0.57859
-0.51343
-0.40928
-0.27396
-0.11771
0.047639
0.20947
0.35542
0.47427
0.55686
0.59676
0.5908
0.53934
0.44623
0.31859
0.1662
0.0008196
-0.16475
-0.31765
-0.44592
-0.53953
-0.59108
-0.59644
-0.5551
-0.47018
-0.34825
-0.19884
-0.033648
0.13432
0.2918
0.4263
0.5271
0.58612
0.59858
0.56337
0.4832
0.36437
0.21631
0.050794
-0.11892
-0.27919
-0.41712
-0.52152
-0.58389
-0.5991
-0.56582
-0.48662
-0.36784
-0.21905
-0.052316
0.11881
0.28036
0.41908
0.52356
0.58515
0.59869
0.56296
0.48078
0.35886
0.20717
0.038223
-0.13402
-0.29526
-0.43205
-0.53296
-0.58948
-0.59679
-0.55417
-0.46508
-0.33691
-0.18033
-0.008457
0.16425
0.32322
0.45498
0.54831
0.59523
0.59163
0.53773
0.438
0.30084
0.13789
-0.036972
-0.20879
-0.36282
-0.48579
-0.56706
-0.59953
-0.58029
-0.51089
-0.39724
-0.24909
-0.079211
0.097668
0.26617
0.4116
0.52121
0.58532
0.59825
0.55873
0.47014
0.34015
0.18012
0.0040933
-0.17242
-0.3338
-0.46574
-0.55647
-0.59785
-0.58608
-0.52211
-0.41153
-0.26412
-0.092975
0.086613
0.25856
0.4074
0.51969
0.58525
0.59806
0.55685
0.46523
0.33141
0.16742
-0.011894
-0.19025
-0.35139
-0.48058
-0.56595
-0.5996
-0.57833
-0.50399
-0.38328
-0.22722
-0.050122
0.13172
0.30152
0.44354
0.54456
0.59511
0.5904
0.53075
0.4216
0.27304
0.098864
-0.084682
-0.26042
-0.41183
-0.52466
-0.58819
-0.59635
-0.54824
-0.4483
-0.30587
-0.13436
0.050007
0.22975
0.38775
0.50892
0.58162
0.59879
0.5587
0.46505
0.32672
0.15691
-0.0281
-0.21053
-0.37278
-0.49912
-0.57728
-0.59957
-0.56372
-0.47309
-0.33639
-0.16684
0.019095
0.20329
0.36772
0.49626
0.57622
0.59965
0.56414
0.47306
0.33528
0.16431
-0.023017
-0.20819
-0.37285
-0.50061
-0.57869
-0.59923
-0.56006
-0.46496
-0.32334
-0.14927
0.039868
0.22513
0.3879
0.51175
0.58412
0.59761
0.55075
0.44814
0.30008
0.12149
-0.069553
-0.25365
-0.41204
-0.52852
-0.59111
-0.59331
-0.53477
-0.42138
-0.26466
-0.080632
0.11181
0.29285
0.44379
0.54897
0.59742
0.58401
0.51
0.38297
0.21602
0.026464
-0.16597
-0.3412
-0.48087
-0.57027
-0.59995
-0.56666
-0.47379
-0.33099
-0.15321
0.040843
0.23071
0.39628
0.51998
0.58859
0.59472
0.53761
0.4232
0.26359
0.075734
-0.12034
-0.30365
-0.45453
-0.55672
-0.59914
-0.57711
-0.49288
-0.35542
-0.17947
0.015998
0.20986
0.38108
0.51102
0.58548
0.59625
0.54202
0.4286
0.26825
0.078453
-0.12006
-0.30553
-0.45754
-0.55932
-0.59956
-0.5737
-0.48448
-0.34163
-0.16088
0.03782
0.23245
0.40136
0.52572
0.59158
0.59149
0.52532
0.40037
0.2305
0.034685
-0.16515
-0.34654
-0.48904
-0.57651
-0.59898
-0.55379
-0.44593
-0.28749
-0.09635
0.10585
0.29613
0.45282
0.558
0.59955
0.57262
0.48015
0.33262
0.14685
-0.055903
-0.25235
-0.41986
-0.53907
-0.59613
-0.58433
-0.5049
-0.36693
-0.18632
0.016047
0.21667
0.39219
0.52208
0.59112
0.59111
0.52192
0.39155
0.21517
0.013404
-0.19006
-0.37126
-0.5088
-0.58637
-0.59468
-0.53263
-0.40744
-0.23384
-0.032361
0.17309
0.35805
0.50044
0.58318
0.59627
0.53803
0.41531
0.24269
0.040831
-0.16606
-0.35308
-0.49766
-0.58226
-0.59656
-0.53869
-0.41555
-0.24193
-0.038843
0.16909
0.35656
0.5007
0.58382
0.59567
0.53468
0.40816
0.23154
0.026384
-0.18213
-0.36836
-0.50931
-0.58752
-0.59322
-0.52556
-0.39281
-0.21128
-0.0034322
0.20496
0.38798
0.52279
0.59248
0.58824
0.51047
0.36877
0.18078
-0.029997
-0.23713
-0.41456
-0.5399
-0.59726
-0.57927
-0.48808
-0.3351
-0.13958
0.073746
0.27783
0.44673
0.55887
0.59986
0.56436
0.45676
0.2907
0.087322
-0.12736
-0.32582
-0.48254
-0.57728
-0.59773
-0.54112
-0.41464
-0.23449
-0.023901
0.1899
0.3792
0.51937
0.59209
0.5878
0.50691
0.35984
0.16569
-0.050238
-0.25971
-0.43526
-0.55379
-0.59963
-0.56663
-0.45898
-0.29076
-0.084066
0.13385
0.33419
0.49037
0.5816
0.59568
0.53057
0.39483
0.2064
-0.0096634
-0.22456
-0.40955
-0.53982
-0.59783
-0.57566
-0.47616
-0.31257
-0.10681
0.11347
0.31855
0.48072
0.57795
0.59698
0.53509
0.40054
0.2115
-0.0064278
-0.2236
-0.4104
-0.54128
-0.59827
-0.57343
-0.47003
-0.30212
-0.092641
0.12969
0.3343
0.49297
0.58373
0.59395
0.52207
0.3779
0.1813
-0.040566
-0.25692
-0.43767
-0.5576
-0.59991
-0.55855
-0.43917
-0.25831
-0.041208
0.18179
0.37941
0.52385
0.59471
0.5819
0.48708
0.32348
0.1141
-0.11152
-0.32148
-0.48599
-0.58164
-0.59472
-0.52324
-0.37723
-0.17739
0.04788
0.26643
0.447
0.56367
0.59962
0.54956
0.42053
0.23096
0.0080322
-0.21617
-0.40931
-0.54342
-0.59902
-0.56793
-0.45452
-0.2751
-0.055627
0.17205
0.37481
0.52306
0.59506
0.5802
0.48048
0.31038
0.094702
-0.13499
-0.34497
-0.50434
-0.58956
-0.58796
-0.49961
-0.33744
-0.12529
0.10552
0.32081
0.48863
0.58398
0.59257
0.51297
0.3569
0.14751
-0.084004
-0.30309
-0.47693
-0.57942
-0.59507
-0.52138
-0.3693
-0.16157
0.070606
0.29226
0.46991
0.57664
0.59619
0.52546
0.37503
0.1676
-0.065406
-0.28858
-0.46794
-0.57605
-0.59631
-0.52549
-0.37426
-0.16566
0.06844
0.29216
0.47113
0.57774
0.59548
0.52147
0.36698
0.15574
-0.079685
-0.3029
-0.47931
-0.58147
-0.5934
-0.51311
-0.35295
-0.13772
0.099082
0.32055
0.49203
0.58664
0.58944
0.49983
0.33174
0.11145
-0.12648
-0.34462
-0.50856
-0.59235
-0.58263
-0.48079
-0.3028
-0.076746
0.1616
0.3744
0.52781
0.59731
0.57171
0.45493
0.26548
0.033513
-0.20393
-0.40884
-0.54832
-0.59988
-0.55511
-0.42105
-0.21915
0.018174
0.25268
0.44651
0.56825
0.59809
0.53107
0.37789
0.1633
-0.077946
-0.30663
-0.48549
-0.5853
-0.58965
-0.49768
-0.32428
-0.097711
0.14499
0.36402
0.52339
0.5968
0.57204
0.45304
0.25928
0.022621
-0.21789
-0.42248
-0.55722
-0.59966
-0.54262
-0.39543
-0.18242
0.061064
0.29449
0.47892
0.58347
0.59057
0.49886
0.32355
0.093916
-0.15159
-0.37175
-0.5295
-0.59819
-0.56612
-0.43852
-0.23682
0.0050234
0.24613
0.44566
0.56972
0.59715
0.52313
0.3601
0.13568
-0.11197
-0.34065
-0.51125
-0.59454
-0.57613
-0.45902
-0.26314
-0.022004
0.22304
0.42983
0.56272
0.59869
0.53139
0.37228
0.14874
-0.10066
-0.33273
-0.50722
-0.59375
-0.57716
-0.46017
-0.26301
-0.01991
0.22677
0.43397
0.56541
0.59798
0.52581
0.36141
0.1335
-0.11798
-0.34882
-0.51837
-0.59665
-0.56972
-0.44217
-0.23641
0.011287
0.2571
0.45744
0.5767
0.59357
0.5049
0.32631
0.089496
-0.1634
-0.38724
-0.54198
-0.59984
-0.55031
-0.40212
-0.18171
0.071448
0.31188
0.49629
0.59139
0.5799
0.46372
0.26371
0.01591
-0.23489
-0.44324
-0.57129
-0.59567
-0.51179
-0.33476
-0.096678
0.15914
0.38603
0.54252
0.5999
0.54751
0.39479
0.1696
-0.086818
-0.32741
-0.5079
-0.59496
-0.57243
-0.4443
-0.23406
0.019528
0.26963
0.46991
0.58318
0.58829
0.48415
0.28994
0.041694
-0.21444
-0.43071
-0.56669
-0.59687
-0.51544
-0.33749
-0.096223
0.1632
0.39211
0.54744
0.59987
0.53938
0.37721
0.1438
-0.11687
-0.35557
-0.5271
-0.5989
-0.5572
-0.40975
-0.18441
0.076089
0.32223
0.50711
0.59538
0.57007
0.43584
0.21822
-0.041278
-0.29298
-0.48862
-0.59056
-0.57907
-0.45621
-0.24546
0.012672
0.26848
0.47258
0.58544
0.58511
0.4715
0.26645
0.0096269
-0.24919
-0.45969
-0.58086
-0.58897
-0.48228
-0.28146
-0.025574
0.23542
0.45047
0.5774
0.5912
0.489
0.29071
0.035178
-0.22739
-0.44529
-0.5755
-0.5922
-0.49193
-0.29436
-0.038442
0.2252
0.44431
0.57534
0.59215
0.49121
0.29247
0.03538
-0.22888
-0.44759
-0.57697
-0.59104
-0.48682
-0.28502
-0.025982
0.23839
0.45499
0.58019
0.58866
0.47854
0.27187
0.010233
-0.25359
-0.46625
-0.58462
-0.58461
-0.46604
-0.25282
0.011859
0.27425
0.48093
0.58972
0.57829
0.44882
0.2276
-0.040269
-0.30001
-0.4984
-0.59467
-0.56892
-0.42628
-0.19591
0.074884
0.33037
0.51784
0.59851
0.55557
0.39772
0.15749
-0.11548
-0.36462
-0.53819
-0.60004
-0.53714
-0.36242
-0.11213
0.16165
0.40181
0.55815
0.59785
0.51245
0.31968
0.059795
-0.21275
-0.44072
-0.57614
-0.59038
-0.48028
-0.26888
-0.00064864
0.26783
0.47981
0.59036
0.57593
0.43941
0.20961
-0.064805
-0.32557
-0.51718
-0.59874
-0.55273
-0.38878
-0.14176
0.13568
0.3842
0.55057
0.59903
0.51902
0.32755
0.065611
-0.21055
-0.4415
-0.57743
-0.58888
-0.47322
-0.25528
0.017958
0.28743
0.49474
0.59487
0.56594
0.41406
0.1721
-0.10742
-0.36366
-0.54073
-0.59989
-0.52805
-0.34076
-0.078838
0.20046
0.43595
0.57589
0.58944
0.47346
0.25328
-0.022752
-0.29389
-0.50032
-0.59638
-0.56072
-0.40104
-0.15253
0.12988
0.38361
0.55231
0.59838
0.51144
0.31065
0.040587
-0.23864
-0.46473
-0.58714
-0.57835
-0.44018
-0.20339
0.079088
0.34394
0.53168
0.60003
0.53345
0.34676
0.081869
-0.2016
-0.43968
-0.57854
-0.58664
-0.46199
-0.23264
0.049539
0.32059
0.51895
0.59943
0.54358
0.36393
0.10126
-0.1846
-0.42845
-0.57449
-0.58921
-0.46906
-0.2414
0.04171
0.31536
0.51668
0.5993
0.54405
0.36348
0.09905
-0.18834
-0.43235
-0.57654
-0.58743
-0.46232
-0.23004
0.055685
0.3286
0.52529
0.59992
0.53496
0.34537
0.075185
-0.21265
-0.45094
-0.58393
-0.58036
-0.44091
-0.19809
0.091302
0.35937
0.54312
0.59922
0.51431
0.30822
0.029381
-0.25651
-0.48193
-0.59353
-0.56476
-0.40225
-0.14435
0.14789
0.40514
0.56623
0.59274
0.47819
0.24968
-0.038452
-0.31752
-0.52086
-0.59979
-0.53526
-0.34255
-0.067671
0.22355
0.46123
0.58819
0.57376
0.42124
0.1672
-0.12724
-0.39111
-0.56063
-0.59472
-0.48496
-0.25775
0.032009
0.31412
0.5201
0.59981
0.53372
0.33774
0.059416
-0.2335
-0.46957
-0.59107
-0.56818
-0.40632
-0.14493
0.15206
0.41189
0.57074
0.58947
0.46331
0.22311
-0.072128
-0.3497
-0.54113
-0.59905
-0.50899
-0.29304
-0.0044793
0.2853
0.50448
0.59857
0.54407
0.35433
0.076386
-0.22068
-0.46288
-0.58976
-0.5695
-0.40699
-0.14267
0.15744
0.41825
0.57434
0.58644
0.45133
0.20278
-0.096862
-0.37224
-0.55398
-0.59613
-0.48791
-0.25646
0.039896
0.32627
0.53018
0.59985
0.51745
0.30372
0.012773
-0.28153
-0.50434
-0.59883
-0.54077
-0.34478
-0.060714
0.23897
0.47767
0.59425
0.5587
0.37995
0.10368
-0.19932
-0.45122
-0.5872
-0.57212
-0.40968
-0.14157
0.16315
0.42587
0.57865
0.58184
0.43443
0.17443
-0.13089
-0.40237
-0.56946
-0.58862
-0.45469
-0.20235
0.10281
0.38128
0.56036
0.59316
0.47093
0.22546
-0.079127
-0.3631
-0.55196
-0.59604
-0.48357
-0.24395
0.059953
0.34818
0.54476
0.59775
0.49298
0.25795
-0.04536
-0.33679
-0.53915
-0.5987
-0.49948
-0.26763
0.035396
0.32913
0.53539
0.59916
0.50326
0.27309
-0.030075
-0.32532
-0.53369
-0.59932
-0.50447
-0.27438
0.029405
0.32541
0.53409
0.59924
0.50315
0.27152
-0.033388
-0.3294
-0.53659
-0.59888
-0.49925
-0.26448
0.042015
0.33723
0.54108
0.5981
0.49264
0.25317
-0.055283
-0.3488
-0.54734
-0.59665
-0.48309
-0.23749
0.073146
0.36387
0.55505
0.59416
0.47029
0.21727
-0.095546
-0.3822
-0.56379
-0.59016
-0.45388
-0.19235
0.12237
0.40341
0.573
0.58409
0.43343
0.16259
-0.15346
-0.42702
-0.58205
-0.5753
-0.40847
-0.12783
0.18853
0.45243
0.59013
0.56303
0.37851
0.088016
-0.22723
-0.47891
-0.59637
-0.54649
-0.34308
-0.043155
0.26902
0.50556
0.59973
0.52481
0.30175
-0.0066135
-0.31322
-0.53133
-0.5991
-0.49716
-0.25421
0.060966
0.35894
0.55501
0.59328
0.46269
0.20024
-0.11939
-0.40507
-0.57518
-0.58099
-0.42065
-0.13986
0.1811
0.45026
0.59034
0.56099
