1651 9 5000 1 400 2
0
0
0
-3.0518e-05
0
3.0518e-05
3.0518e-05
-3.0518e-05
-3.0518e-05
3.0518e-05
6.1035e-05
0
-9.1553e-05
-6.1035e-05
6.1035e-05
0.00012207
-3.0518e-05
-0.00015259
-3.0518e-05
0.00018311
0.00012207
-0.00015259
-0.00024414
6.1035e-05
0.00033569
9.1553e-05
-0.00033569
-0.00030518
0.00027466
0.00048828
-6.1035e-05
-0.00061035
-0.00024414
0.00061035
0.00057983
-0.00039673
-0.00088501
3.0518e-05
0.0010376
0.00048828
-0.00094604
-0.0010376
0.00057983
0.0014648
6.1035e-05
-0.0016479
-0.00088501
0.0014343
0.001709
-0.00076294
-0.0023193
-0.00030518
0.0024719
0.0015564
-0.0020142
-0.0027771
0.00091553
0.0035706
0.00073242
-0.0036316
-0.0026245
0.0027771
0.004303
-0.00097656
-0.0052795
-0.0015259
0.0051575
0.0042419
-0.0036621
-0.0065613
0.00085449
0.0077515
0.0028687
-0.0072632
-0.0068054
0.0047913
0.01001
-0.00042725
-0.011505
-0.0052185
0.010437
0.011139
-0.0063477
-0.015961
-0.00067139
0.018097
0.0099487
-0.016205
-0.019989
0.0091248
0.028931
0.0038147
-0.03421
-0.023102
0.032745
0.049957
-0.019073
-0.090485
-0.02478
0.19257
0.39407
0.39407
0.19257
-0.02478
-0.090485
-0.019073
0.049957
0.032745
-0.023102
-0.03421
0.0038147
0.028931
0.0091248
-0.019989
-0.016205
0.0099487
0.018097
-0.00067139
-0.015961
-0.0063477
0.011139
0.010437
-0.0052185
-0.011505
-0.00042725
0.01001
0.0047913
-0.0068054
-0.0072632
0.0028687
0.0077515
0.00085449
-0.0065613
-0.0036621
0.0042419
0.0051575
-0.0015259
-0.0052795
-0.00097656
0.004303
0.0027771
-0.0026245
-0.0036316
0.00073242
0.0035706
0.00091553
-0.0027771
-0.0020142
0.0015564
0.0024719
-0.00030518
-0.0023193
-0.00076294
0.001709
0.0014343
-0.00088501
-0.0016479
6.1035e-05
0.0014648
0.00057983
-0.0010376
-0.00094604
0.00048828
0.0010376
3.0518e-05
-0.00088501
-0.00039673
0.00057983
0.00061035
-0.00024414
-0.00061035
-6.1035e-05
0.00048828
0.00027466
-0.00030518
-0.00033569
9.1553e-05
0.00033569
6.1035e-05
-0.00024414
-0.00015259
0.00012207
0.00018311
-3.0518e-05
-0.00015259
-3.0518e-05
0.00012207
6.1035e-05
-6.1035e-05
-9.1553e-05
0
6.1035e-05
3.0518e-05
-3.0518e-05
-3.0518e-05
3.0518e-05
3.0518e-05
0
-3.0518e-05
0
0
0
0
0
0
0
0
0
0
0
0
0
0
0
0
0
0
0
0
0
0
0
0
0
0
0
0
0
0
0
0
0
0
0
0
0
0
0
0
0
0
0
0
0
0
0
0
0
0
0
0
0
0
0
0
0
0
0
0
0
0
0
0
0
0
0
0
0
0
0
0
0
0
0
0
0
0
0
0
0
0
0
0
0
0
0
0
0
0
0
0
0
0
0
0
0
0
0
0
0
0
0
0
0
0
0
0
0
0
0
0
0
0
0
0
0
0
0
0
0
0
0
0
0
0
0
0
0
0
0
0
0
0
0
0
0
0
0
0
0
0
0
0
0
0
0
0
0
0
0
0
0
0
0
0
0
0
0
0
0
0
0
0
0
0
0
0
0
0
0
0
0
0
0
0
0
0
0
0
0
0
0
0
0
0
0
0
0
0
0
0
0
0
0
0
0
0
0
0
0
0
0
0
0
0
0
0
0
0
0
0
0
0
0
0
0
0
0
0
0
0
0
0
0
0
0
0
0
0
0
0
0
0
0
0
0
0
0
0
0
0
0
0
0
0
0
0
0
0
0
0
0
0
0
0
0
0
0
0
0
0
0
0
0
0
0
0
0
0
0
0
0
0
0
0
0
0
0
0
0
0
0
0
0
0
0
0
0
0
0
0
0
0
0
0
0
0
0
0
0
0
0
0
0
0
0
0
0
0
0
0
0
0
0
0
0
0
0
0
0
0
0
0
0
0
0
0
0
0
0
0
0
0
0
0
0
0
0
0
0
0
0
0
0
0
0
0
0
0
0
0
0
0
0
0
0
0
0
0
0
0
0
0
0
0
0
0
0
0
0
0
0
0
0
0
0
0
0
0
0
0
0
0
0
0
0
0
0
0
0
0
0
0
0
0
0
0
0
0
0
0
0
0
0
0
0
0
0
0
0
0
0
0
0
0
0
0
0
0
0
0
0
0
0
0
0
0
0
0
0
0
0
0
0
0
0
0
0
0
0
0
0
0
0
0
0
0
0
0
0
0
0
0
0
0
0
0
0
0
0
0
0
0
0
0
0
0
0
0
0
0
0
0
0
0
0
0
0
0
0
0
0
0
0
0
0
0
0
0
0
0
0
0
0
0
0
0
0
0
0
0
0
0
0
0
0
0
0
0
0
0
0
0
0
0
0
0
0
0
0
0
0
0
0
0
0
0
0
0
0
0
0
0
0
0
0
0
0
0
0
0
0
0
0
0
0
0
0
0
0
0
0
0
0
0
0
0
0
0
0
0
0
0
0
0
0
0
0
0
0
0
0
0
0
0
0
0
0
0
0
0
0
0
0
0
0
0
0
0
0
0
0
0
0
0
0
0
0
0
0
0
0
0
0
0
0
0
0
0
0
0
0
0
0
0
0
0
0
0
0
0
0
0
0
0
0
0
0
0
0
0
0
0
0
0
0
0
0
0
0
0
0
0
0
0
0
0
0
0
0
0
0
0
0
0
0
0
0
0
0
0
0
0
0
0
0
0
0
0
0
0
0
0
0
0
0
0
0
0
0
0
0
0
0
0
0
0
0
0
0
0
0
0
0
0
0
0
0
0
0
0
0
0
0
0
0
0
0
0
0
0
0
0
0
0
0
0
0
0
0
0
0
0
0
0
0
0
0
0
0
0
0
0
0
0
0
0
0
0
0
0
0
0
0
0
0
0
0
0
0
0
0
0
0
0
0
0
0
0
0
0
0
0
0
0
0
0
0
0
0
0
0
0
0
0
0
0
0
0
0
0
0
0
0
0
0
0
0
0
0
0
0
0
0
0
0
0
0
0
0
0
0
0
0
0
0
0
0
0
0
0
0
0
0
0
0
0
0
0
0
0
0
0
0
