1651 9 5000 1 400 2
0
0
0
0
-1.1278e-05
8.6316e-06
1.5949e-05
-9.5609e-06
-1.9909e-05
1.3521e-05
2.0839e-05
-6.9147e-06
-1.5546e-05
-1.502e-05
4.4867e-06
3.4142e-05
1.4493e-05
-5.6512e-05
-2.763e-05
6.6382e-05
4.449e-05
-5.5322e-05
-5.8538e-05
9.9026e-06
7.3514e-05
5.7888e-05
-8.3987e-05
-0.00011766
6.1264e-05
0.00017227
-1.2672e-05
-0.00018513
-7.119e-05
0.0001494
0.0001824
-7.4724e-05
-0.00027182
-4.4286e-05
0.000317
0.00018511
-0.00027823
-0.00032177
0.00014106
0.00042809
7.2627e-05
-0.00046112
-0.0003287
0.00038564
0.0005636
-0.00018545
-0.00070361
-0.00013314
0.00069274
0.00051645
-0.00051284
-0.00086827
0.00015111
0.001091
0.00033341
-0.0010755
-0.00085234
0.00075794
0.0012985
-0.00016162
-0.0015357
-0.00061405
0.0014418
0.0014165
-0.00095833
-0.0020364
9.2164e-05
0.0022816
0.0010261
-0.0020069
-0.0021743
0.001156
0.0030601
0.00020098
-0.0033718
-0.001872
0.0028761
0.0035278
-0.0014598
-0.0047563
-0.00079821
0.0051191
0.0035679
-0.0041734
-0.0063623
0.0016559
0.008467
0.0025551
-0.0090129
-0.0082993
0.0068276
0.015175
1.9815e-05
-0.022239
-0.016438
0.025662
0.06796
0.067954
0.025661
-0.016429
-0.02224
1.8426e-05
0.015183
0.0068269
-0.0083051
-0.0090071
0.0025558
0.0084583
0.0016573
-0.0063609
-0.004182
0.0035686
0.0051249
-0.000804
-0.004757
-0.0014511
0.0035264
0.0028747
-0.0018633
-0.0033725
0.0001952
0.0030659
0.0011567
-0.002183
-0.0020055
0.0010275
0.0022729
9.286e-05
-0.0020306
-0.00096411
0.0014158
0.0014505
-0.00061544
-0.0015371
-0.00015294
0.0012978
0.00075216
-0.00084656
-0.0010748
0.00032473
0.0010923
0.0001525
-0.00087695
-0.00051215
0.00052223
0.00068695
-0.00013384
-0.00069493
-0.00018684
0.00056221
0.00039432
-0.0003294
-0.0004669
7.841e-05
0.00042878
0.00013238
-0.00032038
-0.00027684
0.00017643
0.00031769
-3.8503e-05
-0.00027761
-7.5421e-05
0.00019108
0.00014801
-7.2579e-05
-0.00017645
-1.3369e-05
0.00016649
6.7048e-05
-0.00011697
-9.2667e-05
5.9276e-05
7.4903e-05
1.2225e-06
-5.7841e-05
-4.9539e-05
3.8707e-05
6.5685e-05
-1.895e-05
-5.7901e-05
1.3105e-05
4.2822e-05
3.7906e-06
-2.0803e-05
-9.7629e-06
-6.2186e-06
1.2159e-05
1.491e-05
-1.8521e-05
-1.8241e-05
1.6645e-05
1.4415e-05
-1.7061e-05
-6.9611e-07
8.6801e-06
-1.3889e-06
-1.3889e-06
8.6801e-06
-6.9611e-07
-5.7834e-06
5.7834e-06
6.9611e-07
-8.6801e-06
1.3889e-06
1.3889e-06
-8.6801e-06
6.9611e-07
5.7834e-06
-5.7834e-06
-6.9611e-07
8.6801e-06
-1.3889e-06
-1.3889e-06
8.6801e-06
-6.9611e-07
-5.7834e-06
5.7834e-06
6.9611e-07
-8.6801e-06
1.3889e-06
1.3889e-06
-8.6801e-06
6.9611e-07
5.7834e-06
-5.7834e-06
-6.9611e-07
8.6801e-06
-1.3889e-06
-1.3889e-06
8.6801e-06
-6.9611e-07
-5.7834e-06
5.7834e-06
6.9611e-07
-8.6801e-06
1.3889e-06
1.3889e-06
-8.6801e-06
6.9611e-07
5.7834e-06
-5.7834e-06
-6.9611e-07
8.6801e-06
-1.3889e-06
-1.3889e-06
8.6801e-06
-6.9611e-07
-5.7834e-06
5.7834e-06
6.9611e-07
-8.6801e-06
1.3889e-06
1.3889e-06
-8.6801e-06
6.9611e-07
5.7834e-06
-5.7834e-06
-6.9611e-07
8.6801e-06
-1.3889e-06
-1.3889e-06
8.6801e-06
-6.9611e-07
-5.7834e-06
5.7834e-06
6.9611e-07
-8.6801e-06
1.3889e-06
1.3889e-06
-8.6801e-06
6.9611e-07
5.7834e-06
-5.7834e-06
-6.9611e-07
8.6801e-06
-1.3889e-06
-1.3889e-06
8.6801e-06
-6.9611e-07
-5.7834e-06
5.7834e-06
6.9611e-07
-8.6801e-06
1.3889e-06
1.3889e-06
-8.6801e-06
6.9611e-07
5.7834e-06
-5.7834e-06
-6.9611e-07
8.6801e-06
-1.3889e-06
-1.3889e-06
8.6801e-06
-6.9611e-07
-5.7834e-06
5.7834e-06
6.9611e-07
-8.6801e-06
1.3889e-06
1.3889e-06
-8.6801e-06
6.9611e-07
5.7834e-06
-5.7834e-06
-6.9611e-07
8.6801e-06
-1.3889e-06
-1.3889e-06
8.6801e-06
-6.9611e-07
-5.7834e-06
5.7834e-06
6.9611e-07
-8.6801e-06
1.3889e-06
1.3889e-06
-8.6801e-06
6.9611e-07
5.7834e-06
-5.7834e-06
-6.9611e-07
8.6801e-06
-1.3889e-06
-1.3889e-06
8.6801e-06
-6.9611e-07
-5.7834e-06
5.7834e-06
6.9611e-07
-8.6801e-06
1.3889e-06
1.3889e-06
-8.6801e-06
6.9611e-07
5.7834e-06
-5.7834e-06
-6.9611e-07
8.6801e-06
-1.3889e-06
-1.3889e-06
8.6801e-06
-6.9611e-07
-5.7834e-06
5.7834e-06
6.9611e-07
-8.6801e-06
1.3889e-06
1.3889e-06
-8.6801e-06
6.9611e-07
5.7834e-06
-5.7834e-06
-6.9611e-07
8.6801e-06
-1.3889e-06
-1.3889e-06
8.6801e-06
-6.9611e-07
-5.7834e-06
5.7834e-06
6.9611e-07
-8.6801e-06
1.3889e-06
1.3889e-06
-8.6801e-06
6.9611e-07
5.7834e-06
-5.7834e-06
-6.9611e-07
8.6801e-06
-1.3889e-06
-1.3889e-06
8.6801e-06
-6.9611e-07
-5.7834e-06
5.7834e-06
6.9611e-07
-8.6801e-06
1.3889e-06
1.3889e-06
-8.6801e-06
6.9611e-07
5.7834e-06
-5.7834e-06
-6.9611e-07
8.6801e-06
-1.3889e-06
-1.3889e-06
8.6801e-06
-6.9611e-07
-5.7834e-06
5.7834e-06
6.9611e-07
-8.6801e-06
1.3889e-06
1.3889e-06
-8.6801e-06
6.9611e-07
5.7834e-06
-5.7834e-06
-6.9611e-07
8.6801e-06
-1.3889e-06
-1.3889e-06
8.6801e-06
-6.9611e-07
-5.7834e-06
5.7834e-06
6.9611e-07
-8.6801e-06
1.3889e-06
1.3889e-06
-8.6801e-06
6.9611e-07
5.7834e-06
-5.7834e-06
-6.9611e-07
8.6801e-06
-1.3889e-06
-1.3889e-06
8.6801e-06
-6.9611e-07
-5.7834e-06
5.7834e-06
6.9611e-07
-8.6801e-06
1.3889e-06
1.3889e-06
-8.6801e-06
6.9611e-07
5.7834e-06
-5.7834e-06
-6.9611e-07
8.6801e-06
-1.3889e-06
-1.3889e-06
8.6801e-06
-6.9611e-07
-5.7834e-06
5.7834e-06
6.9611e-07
-8.6801e-06
1.3889e-06
1.3889e-06
-8.6801e-06
6.9611e-07
5.7834e-06
-5.7834e-06
-6.9611e-07
8.6801e-06
-1.3889e-06
-1.3889e-06
8.6801e-06
-6.9611e-07
-5.7834e-06
5.7834e-06
6.9611e-07
-8.6801e-06
1.3889e-06
1.3889e-06
-8.6801e-06
6.9611e-07
5.7834e-06
-5.7834e-06
-6.9611e-07
8.6801e-06
-1.3889e-06
-1.3889e-06
8.6801e-06
-6.9611e-07
-5.7834e-06
5.7834e-06
6.9611e-07
-8.6801e-06
1.3889e-06
1.3889e-06
-8.6801e-06
6.9611e-07
5.7834e-06
-5.7834e-06
-6.9611e-07
8.6801e-06
-1.3889e-06
-1.3889e-06
8.6801e-06
-6.9611e-07
-5.7834e-06
5.7834e-06
6.9611e-07
-8.6801e-06
1.3889e-06
1.3889e-06
-8.6801e-06
6.9611e-07
5.7834e-06
-5.7834e-06
-6.9611e-07
8.6801e-06
-1.3889e-06
-1.3889e-06
8.6801e-06
-6.9611e-07
-5.7834e-06
5.7834e-06
6.9611e-07
-8.6801e-06
1.3889e-06
1.3889e-06
-8.6801e-06
6.9611e-07
5.7834e-06
-5.7834e-06
-6.9611e-07
8.6801e-06
-1.3889e-06
-1.3889e-06
8.6801e-06
-6.9611e-07
-5.7834e-06
5.7834e-06
6.9611e-07
-8.6801e-06
1.3889e-06
1.3889e-06
-8.6801e-06
6.9611e-07
5.7834e-06
-5.7834e-06
-6.9611e-07
8.6801e-06
-1.3889e-06
-1.3889e-06
8.6801e-06
-6.9611e-07
-5.7834e-06
5.7834e-06
6.9611e-07
-8.6801e-06
1.3889e-06
1.3889e-06
-8.6801e-06
6.9611e-07
5.7834e-06
-5.7834e-06
-6.9611e-07
8.6801e-06
-1.3889e-06
-1.3889e-06
8.6801e-06
-6.9611e-07
-5.7834e-06
5.7834e-06
6.9611e-07
-8.6801e-06
1.3889e-06
1.3889e-06
-8.6801e-06
6.9611e-07
5.7834e-06
-5.7834e-06
-6.9611e-07
8.6801e-06
-1.3889e-06
-1.3889e-06
8.6801e-06
-6.9611e-07
-5.7834e-06
5.7834e-06
6.9611e-07
-8.6801e-06
1.3889e-06
1.3889e-06
-8.6801e-06
6.9611e-07
5.7834e-06
-5.7834e-06
-6.9611e-07
8.6801e-06
-1.3889e-06
-1.3889e-06
8.6801e-06
-6.9611e-07
-5.7834e-06
5.7834e-06
6.9611e-07
-8.6801e-06
1.3889e-06
1.3889e-06
-8.6801e-06
6.9611e-07
5.7834e-06
-5.7834e-06
-6.9611e-07
8.6801e-06
-1.3889e-06
-1.3889e-06
8.6801e-06
-6.9611e-07
-5.7834e-06
5.7834e-06
6.9611e-07
-8.6801e-06
1.3889e-06
1.3889e-06
-8.6801e-06
6.9611e-07
5.7834e-06
-5.7834e-06
-6.9611e-07
8.6801e-06
-1.3889e-06
-1.3889e-06
8.6801e-06
-6.9611e-07
-5.7834e-06
5.7834e-06
6.9611e-07
-8.6801e-06
1.3889e-06
1.3889e-06
-8.6801e-06
6.9611e-07
5.7834e-06
-5.7834e-06
-6.9611e-07
8.6801e-06
-1.3889e-06
-1.3889e-06
8.6801e-06
-6.9611e-07
-5.7834e-06
5.7834e-06
6.9611e-07
-8.6801e-06
1.3889e-06
1.3889e-06
-8.6801e-06
6.9611e-07
5.7834e-06
-5.7834e-06
-6.9611e-07
8.6801e-06
-1.3889e-06
-1.3889e-06
8.6801e-06
-6.9611e-07
-5.7834e-06
5.7834e-06
6.9611e-07
-8.6801e-06
1.3889e-06
1.3889e-06
-8.6801e-06
6.9611e-07
5.7834e-06
-5.7834e-06
-6.9611e-07
8.6801e-06
-1.3889e-06
-1.3889e-06
8.6801e-06
-6.9611e-07
-5.7834e-06
5.7834e-06
6.9611e-07
-8.6801e-06
1.3889e-06
1.3889e-06
-8.6801e-06
6.9611e-07
5.7834e-06
-5.7834e-06
-6.9611e-07
8.6801e-06
-1.3889e-06
-1.3889e-06
8.6801e-06
-6.9611e-07
-5.7834e-06
5.7834e-06
6.9611e-07
-8.6801e-06
1.3889e-06
1.3889e-06
-8.6801e-06
6.9611e-07
5.7834e-06
-5.7834e-06
-6.9611e-07
8.6801e-06
-1.3889e-06
-1.3889e-06
8.6801e-06
-6.9611e-07
-5.7834e-06
5.7834e-06
6.9611e-07
-8.6801e-06
1.3889e-06
1.3889e-06
-8.6801e-06
6.9611e-07
5.7834e-06
-5.7834e-06
-6.9611e-07
8.6801e-06
-1.3889e-06
-1.3889e-06
8.6801e-06
-6.9611e-07
-5.7834e-06
5.7834e-06
6.9611e-07
-8.6801e-06
1.3889e-06
1.3889e-06
-8.6801e-06
6.9611e-07
5.7834e-06
-5.7834e-06
-6.9611e-07
8.6801e-06
-1.3889e-06
-1.3889e-06
8.6801e-06
-6.9611e-07
-5.7834e-06
5.7834e-06
6.9611e-07
-8.6801e-06
1.3889e-06
1.3889e-06
-8.6801e-06
6.9611e-07
5.7834e-06
-5.7834e-06
-6.9611e-07
8.6801e-06
-1.3889e-06
-1.3889e-06
8.6801e-06
-6.9611e-07
-5.7834e-06
5.7834e-06
6.9611e-07
-8.6801e-06
1.3889e-06
1.3889e-06
-8.6801e-06
6.9611e-07
5.7834e-06
-5.7834e-06
-6.9611e-07
8.6801e-06
-1.3889e-06
-1.3889e-06
8.6801e-06
-6.9611e-07
-5.7834e-06
5.7834e-06
6.9611e-07
-8.6801e-06
1.3889e-06
1.3889e-06
-8.6801e-06
6.9611e-07
5.7834e-06
-5.7834e-06
-6.9611e-07
8.6801e-06
-1.3889e-06
-1.3889e-06
8.6801e-06
-6.9611e-07
-5.7834e-06
5.7834e-06
6.9611e-07
-8.6801e-06
1.3889e-06
1.3889e-06
-8.6801e-06
6.9611e-07
5.7834e-06
-5.7834e-06
-6.9611e-07
8.6801e-06
-1.3889e-06
-1.3889e-06
8.6801e-06
-6.9611e-07
-5.7834e-06
5.7834e-06
6.9611e-07
-8.6801e-06
1.3889e-06
1.3889e-06
-8.6801e-06
6.9611e-07
5.7834e-06
-5.7834e-06
-6.9611e-07
8.6801e-06
-1.3889e-06
-1.3889e-06
8.6801e-06
-6.9611e-07
-5.7834e-06
5.7834e-06
6.9611e-07
-8.6801e-06
1.3889e-06
1.3889e-06
-8.6801e-06
6.9611e-07
5.7834e-06
-5.7834e-06
-6.9611e-07
8.6801e-06
-1.3889e-06
-1.3889e-06
8.6801e-06
-6.9611e-07
-5.7834e-06
5.7834e-06
6.9611e-07
-8.6801e-06
1.3889e-06
1.3889e-06
-8.6801e-06
6.9611e-07
5.7834e-06
-5.7834e-06
-6.9611e-07
8.6801e-06
-1.3889e-06
-1.3889e-06
8.6801e-06
-6.9611e-07
-5.7834e-06
5.7834e-06
6.9611e-07
-8.6801e-06
1.3889e-06
1.3889e-06
-8.6801e-06
6.9611e-07
5.7834e-06
-5.7834e-06
-6.9611e-07
8.6801e-06
-1.3889e-06
-1.3889e-06
8.6801e-06
-6.9611e-07
-5.7834e-06
5.7834e-06
6.9611e-07
-8.6801e-06
1.3889e-06
1.3889e-06
-8.6801e-06
6.9611e-07
5.7834e-06
-5.7834e-06
-6.9611e-07
8.6801e-06
-1.3889e-06
-1.3889e-06
8.6801e-06
-6.9611e-07
-5.7834e-06
5.7834e-06
6.9611e-07
-8.6801e-06
1.3889e-06
1.3889e-06
-8.6801e-06
6.9611e-07
5.7834e-06
-5.7834e-06
-6.9611e-07
8.6801e-06
-1.3889e-06
-1.3889e-06
8.6801e-06
-6.9611e-07
-5.7834e-06
5.7834e-06
6.9611e-07
-8.6801e-06
1.3889e-06
1.3889e-06
-8.6801e-06
6.9611e-07
5.7834e-06
-5.7834e-06
-6.9611e-07
8.6801e-06
-1.3889e-06
-1.3889e-06
8.6801e-06
-6.9611e-07
-5.7834e-06
5.7834e-06
6.9611e-07
-8.6801e-06
1.3889e-06
1.3889e-06
-8.6801e-06
6.9611e-07
5.7834e-06
-5.7834e-06
-6.9611e-07
8.6801e-06
-1.3889e-06
-1.3889e-06
8.6801e-06
-6.9611e-07
-5.7834e-06
5.7834e-06
6.9611e-07
-8.6801e-06
1.3889e-06
1.3889e-06
-8.6801e-06
6.9611e-07
5.7834e-06
-5.7834e-06
-6.9611e-07
8.6801e-06
-1.3889e-06
-1.3889e-06
8.6801e-06
-6.9611e-07
-5.7834e-06
5.7834e-06
6.9611e-07
-8.6801e-06
1.3889e-06
1.3889e-06
-8.6801e-06
6.9611e-07
5.7834e-06
-5.7834e-06
-6.9611e-07
8.6801e-06
-1.3889e-06
-1.3889e-06
8.6801e-06
-6.9611e-07
-5.7834e-06
5.7834e-06
6.9611e-07
-8.6801e-06
1.3889e-06
1.3889e-06
-8.6801e-06
6.9611e-07
5.7834e-06
-5.7834e-06
-6.9611e-07
8.6801e-06
-1.3889e-06
-1.3889e-06
8.6801e-06
-6.9611e-07
-5.7834e-06
5.7834e-06
6.9611e-07
-8.6801e-06
1.3889e-06
1.3889e-06
-8.6801e-06
6.9611e-07
5.7834e-06
-5.7834e-06
-6.9611e-07
8.6801e-06
-1.3889e-06
-1.3889e-06
8.6801e-06
-6.9611e-07
-5.7834e-06
5.7834e-06
6.9611e-07
-8.6801e-06
1.3889e-06
1.3889e-06
-8.6801e-06
6.9611e-07
5.7834e-06
-5.7834e-06
-6.9611e-07
8.6801e-06
-1.3889e-06
-1.3889e-06
8.6801e-06
-6.9611e-07
-5.7834e-06
5.7834e-06
6.9611e-07
-8.6801e-06
1.3889e-06
1.3889e-06
-8.6801e-06
6.9611e-07
5.7834e-06
-5.7834e-06
-6.9611e-07
8.6801e-06
-1.3889e-06
-1.3889e-06
8.6801e-06
-6.9611e-07
-5.7834e-06
5.7834e-06
6.9611e-07
-8.6801e-06
