1651 9 5000 1 400 2
0
0.36955
-0.28284
-0.15307
0.4
-0.15307
-0.28284
0.36955
2.4493e-16
-0.36955
0.28284
0.15307
-0.4
0.15307
0.28284
-0.36955
-4.8986e-16
0.36955
-0.28284
-0.15307
0.4
-0.15307
-0.28284
0.36955
-6.863e-16
-0.36955
0.28284
0.15307
-0.4
0.15307
0.28284
-0.36955
-9.7972e-16
0.36955
-0.28284
-0.15307
0.4
-0.15307
-0.28284
0.36955
-1.9644e-16
-0.36955
0.28284
0.15307
-0.4
0.15307
0.28284
-0.36955
1.3726e-15
0.36955
-0.28284
-0.15307
0.4
-0.15307
-0.28284
0.36955
3.1356e-15
-0.36955
0.28284
0.15307
-0.4
0.15307
0.28284
-0.36955
-1.9594e-15
0.36955
-0.28284
-0.15307
0.4
-0.15307
-0.28284
0.36955
7.8328e-16
-0.36955
0.28284
0.15307
-0.4
0.15307
0.28284
-0.36955
3.9288e-16
0.36955
-0.28284
-0.15307
0.4
-0.15307
-0.28284
0.36955
-1.569e-15
-0.36955
0.28284
0.15307
-0.4
0.15307
0.28284
-0.36955
2.7452e-15
0.36955
-0.28284
-0.15307
0.4
-0.15307
-0.28284
0.36955
7.4473e-15
-0.36955
0.28284
0.15307
-0.4
0.15307
0.28284
-0.36955
-6.2712e-15
0.36955
-0.28284
-0.15307
0.4
-0.15307
-0.28284
0.36955
5.095e-15
-0.36955
0.28284
0.15307
-0.4
0.15307
0.28284
-0.36955
-3.9189e-15
0.36955
-0.28284
-0.15307
0.4
-0.15307
-0.28284
0.36955
2.7427e-15
-0.36955
0.28284
0.15307
-0.4
0.15307
0.28284
-0.36955
-1.5666e-15
0.36955
-0.28284
-0.15307
0.4
-0.15307
-0.28284
0.36955
3.904e-16
-0.36955
0.28284
0.15307
-0.4
0.15307
0.28284
-0.36955
7.8575e-16
0.36955
-0.28284
-0.15307
0.4
-0.15307
-0.28284
0.36955
-1.9619e-15
-0.36955
0.28284
0.15307
-0.4
0.15307
0.28284
-0.36955
3.1381e-15
0.36955
-0.28284
-0.15307
0.4
-0.15307
-0.28284
0.36955
1.8423e-14
-0.36955
0.28284
0.15307
-0.4
0.15307
0.28284
-0.36955
5.4904e-15
0.36955
-0.28284
-0.15307
0.4
-0.15307
-0.28284
0.36955
-6.6665e-15
-0.36955
0.28284
0.15307
-0.4
0.15307
0.28284
-0.36955
-1.4895e-14
0.36955
-0.28284
-0.15307
0.4
-0.15307
-0.28284
0.36955
1.3719e-14
-0.36955
0.28284
0.15307
-0.4
0.15307
0.28284
-0.36955
-1.2542e-14
0.36955
-0.28284
-0.15307
0.4
-0.15307
-0.28284
0.36955
-1.1371e-14
-0.36955
0.28284
0.15307
-0.4
0.15307
0.28284
-0.36955
-1.019e-14
0.36955
-0.28284
-0.15307
0.4
-0.15307
-0.28284
0.36955
9.0139e-15
-0.36955
0.28284
0.15307
-0.4
0.15307
0.28284
-0.36955
-7.8377e-15
0.36955
-0.28284
-0.15307
0.4
-0.15307
-0.28284
0.36955
2.9399e-14
-0.36955
0.28284
0.15307
-0.4
0.15307
0.28284
-0.36955
-5.4854e-15
0.36955
-0.28284
-0.15307
0.4
-0.15307
-0.28284
0.36955
2.7047e-14
-0.36955
0.28284
0.15307
-0.4
0.15307
0.28284
-0.36955
-3.1331e-15
0.36955
-0.28284
-0.15307
0.4
-0.15307
-0.28284
0.36955
2.4694e-14
-0.36955
0.28284
0.15307
-0.4
0.15307
0.28284
-0.36955
-7.808e-16
0.36955
-0.28284
-0.15307
0.4
-0.15307
-0.28284
0.36955
2.2342e-14
-0.36955
0.28284
0.15307
-0.4
0.15307
0.28284
-0.36955
1.5715e-15
0.36955
-0.28284
-0.15307
0.4
-0.15307
-0.28284
0.36955
1.999e-14
-0.36955
0.28284
0.15307
-0.4
0.15307
0.28284
-0.36955
3.9238e-15
0.36955
-0.28284
-0.15307
0.4
-0.15307
-0.28284
0.36955
1.7637e-14
-0.36955
0.28284
0.15307
-0.4
0.15307
0.28284
-0.36955
6.2761e-15
0.36955
-0.28284
-0.15307
0.4
-0.15307
-0.28284
0.36955
1.5285e-14
-0.36955
0.28284
0.15307
-0.4
0.15307
0.28284
-0.36955
-3.6846e-14
0.36955
-0.28284
-0.15307
0.4
-0.15307
-0.28284
0.36955
1.2933e-14
-0.36955
0.28284
0.15307
-0.4
0.15307
0.28284
-0.36955
1.0981e-14
0.36955
-0.28284
-0.15307
0.4
-0.15307
-0.28284
0.36955
5.6055e-14
-0.36955
0.28284
0.15307
-0.4
0.15307
0.28284
-0.36955
1.3333e-14
0.36955
-0.28284
-0.15307
0.4
-0.15307
-0.28284
0.36955
5.3703e-14
-0.36955
0.28284
0.15307
-0.4
0.15307
0.28284
-0.36955
-2.9789e-14
0.36955
-0.28284
-0.15307
0.4
-0.15307
-0.28284
0.36955
5.8758e-15
-0.36955
0.28284
0.15307
-0.4
0.15307
0.28284
-0.36955
-2.7437e-14
0.36955
-0.28284
-0.15307
0.4
-0.15307
-0.28284
0.36955
3.5235e-15
-0.36955
0.28284
0.15307
-0.4
0.15307
0.28284
-0.36955
-2.5085e-14
0.36955
-0.28284
-0.15307
0.4
-0.15307
-0.28284
0.36955
1.1712e-15
-0.36955
0.28284
0.15307
-0.4
0.15307
0.28284
-0.36955
2.2742e-14
0.36955
-0.28284
-0.15307
0.4
-0.15307
-0.28284
0.36955
4.4294e-14
-0.36955
0.28284
0.15307
-0.4
0.15307
0.28284
-0.36955
-2.038e-14
0.36955
-0.28284
-0.15307
0.4
-0.15307
-0.28284
0.36955
4.1941e-14
-0.36955
0.28284
0.15307
-0.4
0.15307
0.28284
-0.36955
-1.8028e-14
0.36955
-0.28284
-0.15307
0.4
-0.15307
-0.28284
0.36955
3.9589e-14
-0.36955
0.28284
0.15307
-0.4
0.15307
0.28284
-0.36955
2.9799e-14
0.36955
-0.28284
-0.15307
0.4
-0.15307
-0.28284
0.36955
-5.3713e-14
-0.36955
0.28284
0.15307
-0.4
0.15307
0.28284
-0.36955
3.2152e-14
0.36955
-0.28284
-0.15307
0.4
-0.15307
-0.28284
0.36955
-5.6065e-14
-0.36955
0.28284
0.15307
-0.4
0.15307
0.28284
-0.36955
7.9979e-14
0.36955
-0.28284
-0.15307
0.4
-0.15307
-0.28284
0.36955
-1.2943e-14
-0.36955
0.28284
0.15307
-0.4
0.15307
0.28284
-0.36955
3.6856e-14
0.36955
-0.28284
-0.15307
0.4
-0.15307
-0.28284
0.36955
-6.077e-14
-0.36955
0.28284
0.15307
-0.4
0.15307
0.28284
-0.36955
8.4683e-14
0.36955
-0.28284
-0.15307
0.4
-0.15307
-0.28284
0.36955
-1.086e-13
-0.36955
0.28284
0.15307
-0.4
0.15307
0.28284
-0.36955
4.1561e-14
0.36955
-0.28284
-0.15307
0.4
-0.15307
-0.28284
0.36955
-6.5474e-14
-0.36955
0.28284
0.15307
-0.4
0.15307
0.28284
-0.36955
8.9388e-14
0.36955
-0.28284
-0.15307
0.4
-0.15307
-0.28284
0.36955
-1.133e-13
-0.36955
0.28284
0.15307
-0.4
0.15307
0.28284
-0.36955
4.6265e-14
0.36955
-0.28284
-0.15307
0.4
-0.15307
-0.28284
0.36955
-7.0179e-14
-0.36955
0.28284
0.15307
-0.4
0.15307
0.28284
-0.36955
9.4092e-14
0.36955
-0.28284
-0.15307
0.4
-0.15307
-0.28284
0.36955
-2.7057e-14
-0.36955
0.28284
0.15307
-0.4
0.15307
0.28284
-0.36955
5.097e-14
0.36955
-0.28284
-0.15307
0.4
-0.15307
-0.28284
0.36955
-7.4884e-14
-0.36955
0.28284
0.15307
-0.4
0.15307
0.28284
-0.36955
9.8797e-14
0.36955
-0.28284
-0.15307
0.4
-0.15307
-0.28284
0.36955
-3.1761e-14
-0.36955
0.28284
0.15307
-0.4
0.15307
0.28284
-0.36955
5.5675e-14
0.36955
-0.28284
-0.15307
0.4
-0.15307
-0.28284
0.36955
-7.9588e-14
-0.36955
0.28284
0.15307
-0.4
0.15307
0.28284
-0.36955
1.2552e-14
0.36955
-0.28284
-0.15307
0.4
-0.15307
-0.28284
0.36955
-3.6466e-14
-0.36955
0.28284
0.15307
-0.4
0.15307
0.28284
-0.36955
6.0379e-14
0.36955
-0.28284
-0.15307
0.4
-0.15307
-0.28284
0.36955
-8.4293e-14
-0.36955
0.28284
0.15307
-0.4
0.15307
0.28284
-0.36955
1.7257e-14
0.36955
-0.28284
-0.15307
0.4
-0.15307
-0.28284
0.36955
-4.117e-14
-0.36955
0.28284
0.15307
-0.4
0.15307
0.28284
-0.36955
6.5084e-14
0.36955
-0.28284
-0.15307
0.4
-0.15307
-0.28284
0.36955
1.952e-15
-0.36955
0.28284
0.15307
-0.4
0.15307
0.28284
-0.36955
2.1962e-14
0.36955
-0.28284
-0.15307
0.4
-0.15307
-0.28284
0.36955
-1.3682e-13
-0.36955
0.28284
0.15307
-0.4
0.15307
0.28284
-0.36955
6.9789e-14
0.36955
-0.28284
-0.15307
0.4
-0.15307
-0.28284
0.36955
-2.7526e-15
-0.36955
0.28284
0.15307
-0.4
0.15307
0.28284
-0.36955
1.1762e-13
0.36955
-0.28284
-0.15307
0.4
-0.15307
-0.28284
0.36955
-5.058e-14
-0.36955
0.28284
0.15307
-0.4
0.15307
0.28284
-0.36955
7.4493e-14
0.36955
-0.28284
-0.15307
0.4
-0.15307
-0.28284
0.36955
-9.8407e-14
-0.36955
0.28284
0.15307
-0.4
0.15307
0.28284
-0.36955
1.2232e-13
0.36955
-0.28284
-0.15307
0.4
-0.15307
-0.28284
0.36955
-5.5284e-14
-0.36955
0.28284
0.15307
-0.4
0.15307
0.28284
-0.36955
-1.1752e-14
0.36955
-0.28284
-0.15307
0.4
-0.15307
-0.28284
0.36955
-1.0311e-13
-0.36955
0.28284
0.15307
-0.4
0.15307
0.28284
-0.36955
3.6075e-14
0.36955
-0.28284
-0.15307
0.4
-0.15307
-0.28284
0.36955
-5.9989e-14
-0.36955
0.28284
0.15307
-0.4
0.15307
0.28284
-0.36955
-7.047e-15
0.36955
-0.28284
-0.15307
0.4
-0.15307
-0.28284
0.36955
-1.0782e-13
-0.36955
0.28284
0.15307
-0.4
0.15307
0.28284
-0.36955
4.078e-14
0.36955
-0.28284
-0.15307
0.4
-0.15307
-0.28284
0.36955
2.6256e-14
-0.36955
0.28284
0.15307
-0.4
0.15307
0.28284
-0.36955
8.8607e-14
0.36955
-0.28284
-0.15307
0.4
-0.15307
-0.28284
0.36955
-2.1571e-14
-0.36955
0.28284
0.15307
-0.4
0.15307
0.28284
-0.36955
4.5485e-14
0.36955
-0.28284
-0.15307
0.4
-0.15307
-0.28284
0.36955
-1.6035e-13
-0.36955
0.28284
0.15307
-0.4
0.15307
0.28284
-0.36955
9.3312e-14
0.36955
-0.28284
-0.15307
0.4
-0.15307
-0.28284
0.36955
-2.6276e-14
-0.36955
0.28284
0.15307
-0.4
0.15307
0.28284
-0.36955
-4.076e-14
0.36955
-0.28284
-0.15307
0.4
-0.15307
-0.28284
0.36955
-7.4103e-14
-0.36955
0.28284
0.15307
-0.4
0.15307
0.28284
-0.36955
9.8016e-14
0.36955
-0.28284
-0.15307
0.4
-0.15307
-0.28284
0.36955
-3.098e-14
-0.36955
0.28284
0.15307
-0.4
0.15307
0.28284
-0.36955
-3.6056e-14
0.36955
-0.28284
-0.15307
0.4
-0.15307
-0.28284
0.36955
-7.8807e-14
-0.36955
0.28284
0.15307
-0.4
0.15307
0.28284
-0.36955
1.1771e-14
0.36955
-0.28284
-0.15307
0.4
-0.15307
-0.28284
0.36955
-3.5685e-14
-0.36955
0.28284
0.15307
-0.4
0.15307
0.28284
-0.36955
