1651 9 5000 1 400 2
0
0
0
0
0
0
3.0518e-05
0
-3.0518e-05
0
3.0518e-05
0
-3.0518e-05
0
0
3.0518e-05
0
-6.1035e-05
-3.0518e-05
6.1035e-05
3.0518e-05
-6.1035e-05
-6.1035e-05
0
6.1035e-05
6.1035e-05
-9.1553e-05
-0.00012207
6.1035e-05
0.00018311
0
-0.00018311
-6.1035e-05
0.00015259
0.00018311
-6.1035e-05
-0.00027466
-3.0518e-05
0.00030518
0.00018311
-0.00027466
-0.00033569
0.00015259
0.00042725
6.1035e-05
-0.00045776
-0.00033569
0.00039673
0.00054932
-0.00018311
-0.0007019
-0.00012207
0.0007019
0.0005188
-0.0005188
-0.00085449
0.00015259
0.0010986
0.00033569
-0.0010681
-0.00085449
0.00076294
0.0013123
-0.00015259
-0.0015259
-0.00061035
0.0014343
0.0014038
-0.00094604
-0.0020447
9.1553e-05
0.0022888
0.0010376
-0.0020142
-0.0021667
0.0011597
0.0030518
0.00021362
-0.0033569
-0.0018616
0.0028687
0.00354
-0.0014648
-0.0047607
-0.00079346
0.005127
0.0035706
-0.0041809
-0.0063477
0.0016479
0.0084534
0.0025635
-0.0090027
-0.0083008
0.0068359
0.015167
3.0518e-05
-0.022247
-0.016449
0.025665
0.067963
0.067963
0.025665
-0.016418
-0.022247
0
0.015167
0.0068359
-0.0083008
-0.0090027
0.0025635
0.0084534
0.0016479
-0.0063477
-0.0041809
0.0035706
0.005127
-0.00079346
-0.0047607
-0.0014648
0.0035095
0.0028687
-0.0018616
-0.0033875
0.00018311
0.0030823
0.0011597
-0.0021667
-0.0020142
0.0010376
0.0022888
9.1553e-05
-0.0020142
-0.00097656
0.0014038
0.0014343
-0.00061035
-0.0015259
-0.00015259
0.0012817
0.00076294
-0.00085449
-0.0010681
0.00033569
0.0010986
0.00015259
-0.00088501
-0.0005188
0.0005188
0.00067139
-0.00015259
-0.0007019
-0.00018311
0.00054932
0.00039673
-0.00033569
-0.00045776
9.1553e-05
0.00042725
0.00015259
-0.00030518
-0.00027466
0.00018311
0.00033569
-3.0518e-05
-0.00027466
-9.1553e-05
0.00018311
0.00015259
-9.1553e-05
-0.00018311
-3.0518e-05
0.00015259
6.1035e-05
-0.00012207
-9.1553e-05
6.1035e-05
9.1553e-05
0
-6.1035e-05
-6.1035e-05
3.0518e-05
6.1035e-05
-3.0518e-05
-6.1035e-05
0
3.0518e-05
0
-3.0518e-05
0
0
3.0518e-05
3.0518e-05
0
0
3.0518e-05
3.0518e-05
-3.0518e-05
0
0
0
0
0
0
0
0
0
0
0
0
0
0
0
0
0
0
0
0
0
0
0
0
0
0
0
0
0
0
0
0
0
0
0
0
0
0
0
0
0
0
0
0
0
0
0
0
0
0
0
0
0
0
0
0
0
0
0
0
0
0
0
0
0
0
0
0
0
0
0
0
0
0
0
0
0
0
0
0
0
0
0
0
0
0
0
0
0
0
0
0
0
0
0
0
0
0
0
0
0
0
0
0
0
0
0
0
0
0
0
0
0
0
0
0
0
0
0
0
0
0
0
0
0
0
0
0
0
0
0
0
0
0
0
0
0
0
0
0
0
0
0
0
0
0
0
0
0
0
0
0
0
0
0
0
0
0
0
0
0
0
0
0
0
0
0
0
0
0
0
0
0
0
0
0
0
0
0
0
0
0
0
0
0
0
0
0
0
0
0
0
0
0
0
0
0
0
0
0
0
0
0
0
0
0
0
0
0
0
0
0
0
0
0
0
0
0
0
0
0
0
0
0
0
0
0
0
0
0
0
0
0
0
0
0
0
0
0
0
0
0
0
0
0
0
0
0
0
0
0
0
0
0
0
0
0
0
0
0
0
0
0
0
0
0
0
0
0
0
0
0
0
0
0
0
0
0
0
0
0
0
0
0
0
0
0
0
0
0
0
0
0
0
0
0
0
0
0
0
0
0
0
0
0
0
0
0
0
0
0
0
0
0
0
0
0
0
0
0
0
0
0
0
0
0
0
0
0
0
0
0
0
0
0
0
0
0
0
0
0
0
0
0
0
0
0
0
0
0
0
0
0
0
0
0
0
0
0
0
0
0
0
0
0
0
0
0
0
0
0
0
0
0
0
0
0
0
0
0
0
0
0
0
0
0
0
0
0
0
0
0
0
0
0
0
0
0
0
0
0
0
0
0
0
0
0
0
0
0
0
0
0
0
0
0
0
0
0
0
0
0
0
0
0
0
0
0
0
0
0
0
0
0
0
0
0
0
0
0
0
0
0
0
0
0
0
0
0
0
0
0
0
0
0
0
0
0
0
0
0
0
0
0
0
0
0
0
0
0
0
0
0
0
0
0
0
0
0
0
0
0
0
0
0
0
0
0
0
0
0
0
0
0
0
0
0
0
0
0
0
0
0
0
0
0
0
0
0
0
0
0
0
0
0
0
0
0
0
0
0
0
0
0
0
0
0
0
0
0
0
0
0
0
0
0
0
0
0
0
0
0
0
0
0
0
0
0
0
0
0
0
0
0
0
0
0
0
0
0
0
0
0
0
0
0
0
0
0
0
0
0
0
0
0
0
0
0
0
0
0
0
0
0
0
0
0
0
0
0
0
0
0
0
0
0
0
0
0
0
0
0
0
0
0
0
0
0
0
0
0
0
0
0
0
0
0
0
0
0
0
0
0
0
0
0
0
0
0
0
0
0
0
0
0
0
0
0
0
0
0
0
0
0
0
0
0
0
0
0
0
0
0
0
0
0
0
0
0
0
0
0
0
0
0
0
0
0
0
0
0
0
0
0
0
0
0
0
0
0
0
0
0
0
0
0
0
0
0
0
0
0
0
0
0
0
0
0
0
0
0
0
0
0
0
0
0
0
0
0
0
0
0
0
0
0
0
0
0
0
0
0
0
0
0
0
0
0
0
0
0
0
0
0
0
0
0
0
0
0
0
0
0
0
0
0
0
0
0
0
0
0
0
0
0
0
0
0
0
0
0
0
0
0
0
0
0
0
0
0
0
0
0
0
0
0
0
0
0
0
0
0
0
0
0
0
0
0
0
0
0
0
0
0
0
0
0
0
0
0
0
0
0
0
0
0
0
0
0
0
0
0
0
0
0
0
0
0
0
0
0
0
0
0
0
0
