1651 9 5000 1 400 2
0
0
0
0
-3.0518e-05
0
0
0
0
3.0518e-05
3.0518e-05
0
0
-3.0518e-05
-3.0518e-05
0
3.0518e-05
-3.0518e-05
0
6.1035e-05
6.1035e-05
0
-3.0518e-05
-6.1035e-05
-3.0518e-05
3.0518e-05
0
-3.0518e-05
3.0518e-05
0.00012207
3.0518e-05
-6.1035e-05
-6.1035e-05
-3.0518e-05
3.0518e-05
3.0518e-05
-9.1553e-05
-6.1035e-05
0.00012207
0.00015259
-3.0518e-05
-0.00012207
-6.1035e-05
9.1553e-05
6.1035e-05
-0.00012207
-0.00015259
9.1553e-05
0.00027466
6.1035e-05
-0.00021362
-0.00015259
9.1553e-05
0.00018311
-6.1035e-05
-0.00030518
-9.1553e-05
0.00036621
0.00030518
-0.00021362
-0.00033569
6.1035e-05
0.00036621
9.1553e-05
-0.00042725
-0.00039673
0.00030518
0.00064087
0
-0.00064087
-0.00024414
0.00054932
0.0005188
-0.00039673
-0.00085449
-3.0518e-05
0.0010071
0.00057983
-0.00082397
-0.0010071
0.00042725
0.0013123
0.00018311
-0.0014648
-0.0011292
0.0011597
0.0020142
-0.00024414
-0.002533
-0.0010681
0.0025635
0.0029297
-0.0015564
-0.005188
-0.0013123
0.0071106
0.0075378
-0.0068665
-0.021637
-0.0039673
0.073029
0.20157
0.32858
0.3775
0.29382
0.085571
-0.16977
-0.36005
-0.39749
-0.26529
-0.023224
0.22476
0.37766
0.37619
0.22195
-0.024139
-0.26254
-0.3934
-0.3602
-0.17673
0.079346
0.30115
0.3981
0.33176
0.12915
-0.12753
-0.33261
-0.39999
-0.30109
-0.077515
0.17746
0.35849
0.39163
0.2637
0.026794
-0.22189
-0.37912
-0.37915
-0.22211
0.02652
0.26376
0.39194
0.35852
0.17722
-0.077667
-0.30081
-0.39944
-0.33261
-0.12836
0.12866
0.33243
0.39893
0.30078
0.078278
-0.17682
-0.35889
-0.3924
-0.26364
-0.026093
0.22214
0.3786
0.37869
0.22235
-0.026031
-0.26376
-0.39236
-0.3587
-0.17685
0.078003
0.30066
0.39908
0.33261
0.12866
-0.12854
-0.33261
-0.39914
-0.30069
-0.078064
0.17685
0.3587
0.3923
0.26376
0.026215
-0.2222
-0.37875
-0.37872
-0.2222
0.026123
0.2637
0.3923
0.35873
0.17691
-0.078003
-0.30072
-0.39911
-0.33255
-0.12857
0.12854
0.33255
0.39911
0.30072
0.078033
-0.17691
-0.35873
-0.3923
-0.2637
-0.026154
0.2222
0.37872
0.37872
0.2222
-0.026154
-0.2637
-0.3923
-0.35873
-0.17691
0.078033
0.30072
0.39911
0.33255
0.12857
-0.12857
-0.33255
-0.39911
-0.30072
-0.078033
0.17691
0.35873
0.3923
0.2637
0.026154
-0.2222
-0.37872
-0.37872
-0.2222
0.026154
0.2637
0.3923
0.35873
0.17691
-0.078033
-0.30072
-0.39911
-0.33255
-0.12857
0.12857
0.33255
0.39911
0.30072
0.078033
-0.17691
-0.35873
-0.3923
-0.2637
-0.026154
0.2222
0.37872
0.37872
0.2222
-0.026154
-0.2637
-0.3923
-0.35873
-0.17691
0.078033
0.30072
0.39911
0.33255
0.12857
-0.12857
-0.33255
-0.39911
-0.30072
-0.078033
0.17691
0.35873
0.3923
0.2637
0.026154
-0.2222
-0.37872
-0.37872
-0.2222
0.026154
0.2637
0.3923
0.35873
0.17691
-0.078033
-0.30072
-0.39911
-0.33255
-0.12857
0.12857
0.33255
0.39911
0.30072
0.078033
-0.17691
-0.35873
-0.3923
-0.2637
-0.026154
0.2222
0.37872
0.37872
0.2222
-0.026154
-0.2637
-0.3923
-0.35873
-0.17691
0.078033
0.30072
0.39911
0.33255
0.12857
-0.12857
-0.33255
-0.39911
-0.30072
-0.078033
0.17691
0.35873
0.3923
0.2637
0.026154
-0.2222
-0.37872
-0.37872
-0.2222
0.026154
0.2637
0.3923
0.35873
0.17691
-0.078033
-0.30072
-0.39911
-0.33255
-0.12857
0.12857
0.33255
0.39911
0.30072
0.078033
-0.17691
-0.35873
-0.3923
-0.2637
-0.026154
0.2222
0.37872
0.37872
0.2222
-0.026154
-0.2637
-0.3923
-0.35873
-0.17691
0.078033
0.30072
0.39911
0.33255
0.12857
-0.12857
-0.33255
-0.39911
-0.30072
-0.078033
0.17691
0.35873
0.3923
0.2637
0.026154
-0.2222
-0.37872
-0.37872
-0.2222
0.026154
0.2637
0.3923
0.35873
0.17691
-0.078033
-0.30072
-0.39911
-0.33255
-0.12857
0.12857
0.33255
0.39911
0.30072
0.078033
-0.17691
-0.35873
-0.3923
-0.2637
-0.026154
0.2222
0.37872
0.37872
0.2222
-0.026154
-0.2637
-0.3923
-0.35873
-0.17691
0.078033
0.30072
0.39911
0.33255
0.12857
-0.12857
-0.33255
-0.39911
-0.30072
-0.078033
0.17691
0.35873
0.3923
0.2637
0.026154
-0.2222
-0.37872
-0.37872
-0.2222
0.026154
0.2637
0.3923
0.35873
0.17691
-0.078033
-0.30072
-0.39911
-0.33255
-0.12857
0.12857
0.33255
0.39911
0.30072
0.078033
-0.17691
-0.35873
-0.3923
-0.2637
-0.026154
0.2222
0.37872
0.37872
0.2222
-0.026154
-0.2637
-0.3923
-0.35873
-0.17691
0.078033
0.30072
0.39911
0.33255
0.12857
-0.12857
-0.33255
-0.39911
-0.30072
-0.078033
0.17691
0.35873
0.3923
0.2637
0.026154
-0.2222
-0.37872
-0.37872
-0.2222
0.026154
0.2637
0.3923
0.35873
0.17691
-0.078033
-0.30072
-0.39911
-0.33255
-0.12857
0.12857
0.33255
0.39911
0.30072
0.078033
-0.17691
-0.35873
-0.3923
-0.2637
-0.026154
0.2222
0.37872
0.37872
0.2222
-0.026154
-0.2637
-0.3923
-0.35873
-0.17691
0.078033
0.30072
0.39911
0.33255
0.12857
-0.12857
-0.33255
-0.39911
-0.30072
-0.078033
0.17691
0.35873
0.3923
0.2637
0.026154
-0.2222
-0.37872
-0.37872
-0.2222
0.026154
0.2637
0.3923
0.35873
0.17691
-0.078033
-0.30072
-0.39911
-0.33255
-0.12857
0.12857
0.33255
0.39911
0.30072
0.078033
-0.17691
-0.35873
-0.3923
-0.2637
-0.026154
0.2222
0.37872
0.37872
0.2222
-0.026154
-0.2637
-0.3923
-0.35873
-0.17691
0.078033
0.30072
0.39911
0.33255
0.12857
-0.12857
-0.33255
-0.39911
-0.30072
-0.078033
0.17691
0.35873
0.3923
0.2637
0.026154
-0.2222
-0.37872
-0.37872
-0.2222
0.026154
0.2637
0.3923
0.35873
0.17691
-0.078033
-0.30072
-0.39911
-0.33255
-0.12857
0.12857
0.33255
0.39911
0.30072
0.078033
-0.17691
-0.35873
-0.3923
-0.2637
-0.026154
0.2222
0.37872
0.37872
0.2222
-0.026154
-0.2637
-0.3923
-0.35873
-0.17691
0.078033
0.30072
0.39911
0.33255
0.12857
-0.12857
-0.33255
-0.39911
-0.30072
-0.078033
0.17691
0.35873
0.3923
0.2637
0.026154
-0.2222
-0.37872
-0.37872
-0.2222
0.026154
0.2637
0.3923
0.35873
0.17691
-0.078033
-0.30072
-0.39911
-0.33255
-0.12857
0.12857
0.33255
0.39911
0.30072
0.078033
-0.17691
-0.35873
-0.3923
-0.2637
-0.026154
0.2222
0.37872
0.37872
0.2222
-0.026154
-0.2637
-0.3923
-0.35873
-0.17691
0.078033
0.30072
0.39911
0.33255
0.12857
-0.12857
-0.33255
-0.39911
-0.30072
-0.078033
0.17691
0.35873
0.3923
0.2637
0.026154
-0.2222
-0.37872
-0.37872
-0.2222
0.026154
0.2637
0.3923
0.35873
0.17691
-0.078033
-0.30072
-0.39911
-0.33255
-0.12857
0.12857
0.33255
0.39911
0.30072
0.078033
-0.17691
-0.35873
-0.3923
-0.2637
-0.026154
0.2222
0.37872
0.37872
0.2222
-0.026154
-0.2637
-0.3923
-0.35873
-0.17691
0.078033
0.30072
0.39911
0.33255
0.12857
-0.12857
-0.33255
-0.39911
-0.30072
-0.078033
0.17691
0.35873
0.3923
0.2637
0.026154
-0.2222
-0.37872
-0.37872
-0.2222
0.026154
0.2637
0.3923
0.35873
0.17691
-0.078033
-0.30072
-0.39911
-0.33255
-0.12857
0.12857
0.33255
0.39911
0.30072
0.078033
-0.17691
-0.35873
-0.3923
-0.2637
-0.026154
0.2222
0.37872
0.37872
0.2222
-0.026154
-0.2637
-0.3923
-0.35873
-0.17691
0.078033
0.30072
0.39911
0.33255
0.12857
-0.12857
-0.33255
-0.39911
-0.30072
-0.078033
0.17691
0.35873
0.3923
0.2637
0.026154
-0.2222
-0.37872
-0.37872
-0.2222
0.026154
0.2637
0.3923
0.35873
0.17691
-0.078033
-0.30072
-0.39911
-0.33255
-0.12857
0.12857
0.33255
0.39911
0.30072
0.078033
-0.17691
-0.35873
-0.3923
-0.2637
-0.026154
0.2222
0.37872
0.37872
0.2222
-0.026154
-0.2637
-0.3923
-0.35873
-0.17691
0.078033
0.30072
0.39911
0.33255
0.12857
-0.12857
-0.33255
-0.39911
-0.30072
-0.078033
0.17691
0.35873
0.3923
0.2637
0.026154
-0.2222
-0.37872
-0.37872
-0.2222
0.026154
0.2637
0.3923
0.35873
0.17691
-0.078033
-0.30072
-0.39911
-0.33255
-0.12857
0.12857
0.33255
0.39911
0.30072
0.078033
-0.17691
-0.35873
-0.3923
-0.2637
-0.026154
0.2222
0.37872
0.37872
0.2222
-0.026154
-0.2637
-0.3923
-0.35873
-0.17691
0.078033
0.30072
0.39911
0.33255
0.12857
-0.12857
-0.33255
-0.39911
-0.30072
-0.078033
0.17691
0.35873
0.3923
0.2637
0.026154
-0.2222
-0.37872
-0.37872
-0.2222
0.026154
0.2637
0.3923
0.35873
0.17691
-0.078033
-0.30072
-0.39911
-0.33255
-0.12857
0.12857
0.33255
0.39911
0.30072
0.078033
-0.17691
-0.35873
-0.3923
-0.2637
-0.026154
0.2222
0.37872
0.37872
0.2222
-0.026154
-0.2637
-0.3923
-0.35873
-0.17691
0.078033
0.30072
0.39911
0.33255
0.12857
-0.12857
-0.33255
-0.39911
-0.30072
-0.078033
0.17691
0.35873
0.3923
0.2637
0.026154
-0.2222
-0.37872
-0.37872
-0.2222
0.026154
0.2637
0.3923
0.35873
0.17691
-0.078033
-0.30072
-0.39911
-0.33255
-0.12857
0.12857
0.33255
0.39911
0.30072
0.078033
-0.17691
-0.35873
-0.3923
-0.2637
-0.026154
0.2222
0.37872
0.37872
0.2222
-0.026154
-0.2637
-0.3923
-0.35873
-0.17691
0.078033
0.30072
0.39911
0.33255
0.12857
-0.12857
-0.33255
-0.39911
-0.30072
-0.078033
0.17691
0.35873
0.3923
0.2637
0.026154
-0.2222
-0.37872
-0.37872
-0.2222
0.026154
0.2637
0.3923
0.35873
0.17691
-0.078033
-0.30072
-0.39911
-0.33255
-0.12857
0.12857
0.33255
0.39911
0.30072
0.078033
-0.17691
-0.35873
-0.3923
-0.2637
-0.026154
0.2222
0.37872
0.37872
0.2222
-0.026154
-0.2637
-0.3923
-0.35873
-0.17691
0.078033
0.30072
0.39911
0.33255
0.12857
-0.12857
-0.33255
-0.39911
-0.30072
-0.078033
0.17691
0.35873
0.3923
0.2637
0.026154
-0.2222
-0.37872
-0.37872
-0.2222
0.026154
0.2637
0.3923
0.35873
0.17691
-0.078033
-0.30072
-0.39911
-0.33255
-0.12857
0.12857
0.33255
0.39911
0.30072
0.078033
-0.17691
-0.35873
-0.3923
-0.2637
-0.026154
0.2222
