1651 9 5000 1 400 2
0
0.61306
0.10353
0.21648
0.6
-0.20528
-0.56569
-0.027026
-0.34641
-0.52263
0.38637
0.47041
0
0.47041
0.38637
-0.52263
-0.34641
-0.027026
-0.56569
-0.20528
0.6
0.21648
0.10353
0.61306
-4.4137e-16
-0.61306
-0.10353
-0.21648
-0.6
0.20528
0.56569
0.027026
0.34641
0.52263
-0.38637
-0.47041
0
-0.47041
-0.38637
0.52263
0.34641
0.027026
0.56569
0.20528
-0.6
-0.21648
-0.10353
-0.61306
8.8274e-16
0.61306
0.10353
0.21648
0.6
-0.20528
-0.56569
-0.027026
-0.34641
-0.52263
0.38637
0.47041
0
0.47041
0.38637
-0.52263
-0.34641
-0.027026
-0.56569
-0.20528
0.6
0.21648
0.10353
0.61306
9.6981e-17
-0.61306
-0.10353
-0.21648
-0.6
0.20528
0.56569
0.027026
0.34641
0.52263
-0.38637
-0.47041
0
-0.47041
-0.38637
0.52263
0.34641
0.027026
0.56569
0.20528
-0.6
-0.21648
-0.10353
-0.61306
1.7655e-15
0.61306
0.10353
0.21648
0.6
-0.20528
-0.56569
-0.027026
-0.34641
-0.52263
0.38637
0.47041
0
0.47041
0.38637
-0.52263
-0.34641
-0.027026
-0.56569
-0.20528
0.6
0.21648
0.10353
0.61306
4.8986e-15
-0.61306
-0.10353
-0.21648
-0.6
0.20528
0.56569
0.027026
0.34641
0.52263
-0.38637
-0.47041
0
-0.47041
-0.38637
0.52263
0.34641
0.027026
0.56569
0.20528
-0.6
-0.21648
-0.10353
-0.61306
-1.9396e-16
0.61306
0.10353
0.21648
0.6
-0.20528
-0.56569
-0.027026
-0.34641
-0.52263
0.38637
0.47041
0
0.47041
0.38637
-0.52263
-0.34641
-0.027026
-0.56569
-0.20528
0.6
0.21648
0.10353
0.61306
-4.5107e-15
-0.61306
-0.10353
-0.21648
-0.6
0.20528
0.56569
0.027026
0.34641
0.52263
-0.38637
-0.47041
0
-0.47041
-0.38637
0.52263
0.34641
0.027026
0.56569
0.20528
-0.6
-0.21648
-0.10353
-0.61306
3.5309e-15
0.61306
0.10353
0.21648
0.6
-0.20528
-0.56569
-0.027026
-0.34641
-0.52263
0.38637
0.47041
0
0.47041
0.38637
-0.52263
-0.34641
-0.027026
-0.56569
-0.20528
0.6
0.21648
0.10353
0.61306
1.4502e-14
-0.61306
-0.10353
-0.21648
-0.6
0.20528
0.56569
0.027026
0.34641
0.52263
-0.38637
-0.47041
0
-0.47041
-0.38637
0.52263
0.34641
0.027026
0.56569
0.20528
-0.6
-0.21648
-0.10353
-0.61306
-9.7972e-15
0.61306
0.10353
0.21648
0.6
-0.20528
-0.56569
-0.027026
-0.34641
-0.52263
0.38637
0.47041
0
0.47041
0.38637
-0.52263
-0.34641
-0.027026
-0.56569
-0.20528
0.6
0.21648
0.10353
0.61306
3.9199e-14
-0.61306
-0.10353
-0.21648
-0.6
0.20528
0.56569
0.027026
0.34641
0.52263
-0.38637
-0.47041
0
-0.47041
-0.38637
0.52263
0.34641
0.027026
0.56569
0.20528
-0.6
-0.21648
-0.10353
-0.61306
-3.8793e-16
0.61306
0.10353
0.21648
0.6
-0.20528
-0.56569
-0.027026
-0.34641
-0.52263
0.38637
0.47041
0
0.47041
0.38637
-0.52263
-0.34641
-0.027026
-0.56569
-0.20528
0.6
0.21648
0.10353
0.61306
2.9789e-14
-0.61306
-0.10353
-0.21648
-0.6
0.20528
0.56569
0.027026
0.34641
0.52263
-0.38637
-0.47041
0
-0.47041
-0.38637
0.52263
0.34641
0.027026
0.56569
0.20528
-0.6
-0.21648
-0.10353
-0.61306
9.0213e-15
0.61306
0.10353
0.21648
0.6
-0.20528
-0.56569
-0.027026
-0.34641
-0.52263
0.38637
0.47041
0
0.47041
0.38637
-0.52263
-0.34641
-0.027026
-0.56569
-0.20528
0.6
0.21648
0.10353
0.61306
2.038e-14
-0.61306
-0.10353
-0.21648
-0.6
0.20528
0.56569
0.027026
0.34641
0.52263
-0.38637
-0.47041
0
-0.47041
-0.38637
0.52263
0.34641
0.027026
0.56569
0.20528
-0.6
-0.21648
-0.10353
-0.61306
7.0619e-15
0.61306
0.10353
0.21648
0.6
-0.20528
-0.56569
-0.027026
-0.34641
-0.52263
0.38637
0.47041
0
0.47041
0.38637
-0.52263
-0.34641
-0.027026
-0.56569
-0.20528
0.6
0.21648
0.10353
0.61306
7.9183e-14
-0.61306
-0.10353
-0.21648
-0.6
0.20528
0.56569
0.027026
0.34641
0.52263
-0.38637
-0.47041
0
-0.47041
-0.38637
0.52263
0.34641
0.027026
0.56569
0.20528
-0.6
-0.21648
-0.10353
-0.61306
-2.9004e-14
0.61306
0.10353
0.21648
0.6
-0.20528
-0.56569
-0.027026
-0.34641
-0.52263
0.38637
0.47041
0
0.47041
0.38637
-0.52263
-0.34641
-0.027026
-0.56569
-0.20528
0.6
0.21648
0.10353
0.61306
1.5616e-15
-0.61306
-0.10353
-0.21648
-0.6
0.20528
0.56569
0.027026
0.34641
0.52263
-0.38637
-0.47041
0
-0.47041
-0.38637
0.52263
0.34641
0.027026
0.56569
0.20528
-0.6
-0.21648
-0.10353
-0.61306
-1.9594e-14
0.61306
0.10353
0.21648
0.6
-0.20528
-0.56569
-0.027026
-0.34641
-0.52263
0.38637
0.47041
0
0.47041
0.38637
-0.52263
-0.34641
-0.027026
-0.56569
-0.20528
0.6
0.21648
0.10353
0.61306
6.0364e-14
-0.61306
-0.10353
-0.21648
-0.6
0.20528
0.56569
0.027026
0.34641
0.52263
-0.38637
-0.47041
0
-0.47041
-0.38637
0.52263
0.34641
0.027026
0.56569
0.20528
-0.6
-0.21648
-0.10353
-0.61306
3.529e-14
0.61306
0.10353
0.21648
0.6
-0.20528
-0.56569
-0.027026
-0.34641
-0.52263
0.38637
0.47041
0
0.47041
0.38637
-0.52263
-0.34641
-0.027026
-0.56569
-0.20528
0.6
0.21648
0.10353
0.61306
-3.9994e-14
-0.61306
-0.10353
-0.21648
-0.6
0.20528
0.56569
0.027026
0.34641
0.52263
-0.38637
-0.47041
0
-0.47041
-0.38637
0.52263
0.34641
0.027026
0.56569
0.20528
-0.6
-0.21648
-0.10353
-0.61306
1.1291e-13
0.61306
0.10353
0.21648
0.6
-0.20528
-0.56569
-0.027026
-0.34641
-0.52263
0.38637
0.47041
0
0.47041
0.38637
-0.52263
-0.34641
-0.027026
-0.56569
-0.20528
0.6
0.21648
0.10353
0.61306
-9.4878e-14
-0.61306
-0.10353
-0.21648
-0.6
0.20528
0.56569
0.027026
0.34641
0.52263
-0.38637
-0.47041
0
-0.47041
-0.38637
0.52263
0.34641
0.027026
0.56569
0.20528
-0.6
-0.21648
-0.10353
-0.61306
5.4108e-14
0.61306
0.10353
0.21648
0.6
-0.20528
-0.56569
-0.027026
-0.34641
-0.52263
0.38637
0.47041
0
0.47041
0.38637
-0.52263
-0.34641
-0.027026
-0.56569
-0.20528
0.6
0.21648
0.10353
0.61306
-3.6075e-14
-0.61306
-0.10353
-0.21648
-0.6
0.20528
0.56569
0.027026
0.34641
0.52263
-0.38637
-0.47041
0
-0.47041
-0.38637
0.52263
0.34641
0.027026
0.56569
0.20528
-0.6
-0.21648
-0.10353
-0.61306
1.3173e-13
0.61306
0.10353
0.21648
0.6
-0.20528
-0.56569
-0.027026
-0.34641
-0.52263
0.38637
0.47041
0
0.47041
0.38637
-0.52263
-0.34641
-0.027026
-0.56569
-0.20528
0.6
0.21648
0.10353
0.61306
-1.137e-13
-0.61306
-0.10353
-0.21648
-0.6
0.20528
0.56569
0.027026
0.34641
0.52263
-0.38637
-0.47041
0
-0.47041
-0.38637
0.52263
0.34641
0.027026
0.56569
0.20528
-0.6
-0.21648
-0.10353
-0.61306
9.5664e-14
0.61306
0.10353
0.21648
0.6
-0.20528
-0.56569
-0.027026
-0.34641
-0.52263
0.38637
0.47041
0
0.47041
0.38637
-0.52263
-0.34641
-0.027026
-0.56569
-0.20528
0.6
0.21648
0.10353
0.61306
-5.4894e-14
-0.61306
-0.10353
-0.21648
-0.6
0.20528
0.56569
0.027026
0.34641
0.52263
-0.38637
-0.47041
0
-0.47041
-0.38637
0.52263
0.34641
0.027026
0.56569
0.20528
-0.6
-0.21648
-0.10353
-0.61306
1.4124e-14
0.61306
0.10353
0.21648
0.6
-0.20528
-0.56569
-0.027026
-0.34641
-0.52263
0.38637
0.47041
0
0.47041
0.38637
-0.52263
-0.34641
-0.027026
-0.56569
-0.20528
0.6
0.21648
0.10353
0.61306
-1.8828e-14
-0.61306
-0.10353
-0.21648
-0.6
0.20528
0.56569
0.027026
0.34641
0.52263
-0.38637
-0.47041
0
-0.47041
-0.38637
0.52263
0.34641
0.027026
0.56569
0.20528
-0.6
-0.21648
-0.10353
-0.61306
6.9008e-14
0.61306
0.10353
0.21648
0.6
-0.20528
-0.56569
-0.027026
-0.34641
-0.52263
0.38637
0.47041
0
0.47041
0.38637
-0.52263
-0.34641
-0.027026
-0.56569
-0.20528
0.6
0.21648
0.10353
0.61306
-7.3712e-14
-0.61306
-0.10353
-0.21648
-0.6
0.20528
0.56569
0.027026
0.34641
0.52263
-0.38637
-0.47041
0
-0.47041
-0.38637
0.52263
0.34641
0.027026
0.56569
0.20528
-0.6
-0.21648
-0.10353
-0.61306
7.8417e-14
0.61306
0.10353
0.21648
0.6
-0.20528
-0.56569
-0.027026
-0.34641
-0.52263
0.38637
0.47041
0
0.47041
0.38637
-0.52263
-0.34641
-0.027026
-0.56569
-0.20528
0.6
0.21648
0.10353
0.61306
-1.286e-13
-0.61306
-0.10353
-0.21648
-0.6
0.20528
0.56569
0.027026
0.34641
0.52263
-0.38637
-0.47041
0
-0.47041
-0.38637
0.52263
0.34641
0.027026
0.56569
0.20528
-0.6
-0.21648
-0.10353
-0.61306
1.333e-13
0.61306
0.10353
0.21648
0.6
-0.20528
-0.56569
-0.027026
-0.34641
-0.52263
0.38637
0.47041
0
0.47041
0.38637
-0.52263
-0.34641
-0.027026
-0.56569
-0.20528
0.6
0.21648
0.10353
0.61306
-1.8348e-13
-0.61306
-0.10353
-0.21648
-0.6
0.20528
0.56569
0.027026
0.34641
0.52263
-0.38637
-0.47041
0
-0.47041
-0.38637
0.52263
0.34641
0.027026
0.56569
0.20528
-0.6
-0.21648
-0.10353
-0.61306
-3.9189e-14
0.61306
0.10353
0.21648
0.6
-0.20528
-0.56569
-0.027026
-0.34641
-0.52263
0.38637
0.47041
0
0.47041
0.38637
-0.52263
-0.34641
-0.027026
-0.56569
-0.20528
0.6
0.21648
0.10353
0.61306
-5.6465e-14
-0.61306
-0.10353
-0.21648
-0.6
0.20528
0.56569
0.027026
0.34641
0.52263
-0.38637
-0.47041
0
-0.47041
-0.38637
0.52263
0.34641
0.027026
0.56569
0.20528
-0.6
-0.21648
-0.10353
-0.61306
1.5695e-14
0.61306
0.10353
0.21648
0.6
-0.20528
-0.56569
-0.027026
-0.34641
-0.52263
0.38637
0.47041
0
0.47041
0.38637
-0.52263
