1651 9 5000 1 400 2
0
0
0
0
-1.8709e-05
-3.1595e-06
1.2103e-05
3.558e-06
-2.6785e-06
2.0312e-05
2.1814e-05
2.7042e-06
-1.2593e-06
-2.4263e-05
-3.9329e-05
-1.1275e-05
1.5971e-05
-1.6184e-05
-2.2726e-06
5.8856e-05
5.178e-05
-6.5061e-06
-2.5527e-05
-4.5984e-05
-3.3309e-05
2.602e-05
-5.4352e-06
-4.2901e-05
2.7028e-05
0.00011007
4.1763e-05
-5.1417e-05
-6.2086e-05
-2.9319e-05
3.8356e-05
1.662e-05
-7.9448e-05
-4.5888e-05
0.00012951
0.00014189
-4.043e-05
-0.0001316
-4.7646e-05
7.9684e-05
6.5215e-05
-0.00010962
-0.00016484
7.8636e-05
0.00026188
5.8958e-05
-0.00019987
-0.00014303
9.9002e-05
0.00018618
-6.4163e-05
-0.00031654
-9.8369e-05
0.00036632
0.00030255
-0.00022146
-0.00035073
6.0766e-05
0.00036695
0.00010521
-0.00041858
-0.00039389
0.00030245
0.00064437
-1.1173e-05
-0.00065312
-0.00025791
0.00055099
0.00051776
-0.00038438
-0.00086012
-3.8419e-05
0.0010174
0.00059172
-0.00081322
-0.0010046
0.00042322
0.0013097
0.00018616
-0.0014724
-0.0011201
0.0011611
0.0020163
-0.00025486
-0.0025391
-0.0010637
0.0025506
0.0029318
-0.0015699
-0.0051966
-0.0013175
0.0071218
0.0075521
-0.0068789
-0.021632
-0.0039734
0.073023
0.20158
0.32859
0.37748
0.29383
0.085577
-0.16977
-0.36004
-0.39748
-0.26528
-0.023228
0.22475
0.37768
0.3762
0.22194
-0.024144
-0.26255
-0.39341
-0.36019
-0.17671
0.079335
0.30113
0.39811
0.33175
0.12915
-0.12754
-0.3326
-0.39998
-0.30109
-0.077508
0.17744
0.35846
0.39163
0.2637
0.026804
-0.2219
-0.37913
-0.37916
-0.22209
0.026527
0.26377
0.39193
0.3585
0.1772
-0.077659
-0.3008
-0.39943
-0.33262
-0.12837
0.12866
0.33242
0.39892
0.30077
0.078287
-0.17681
-0.35888
-0.39239
-0.26365
-0.02608
0.22215
0.37861
0.3787
0.22234
-0.02603
-0.26376
-0.39236
-0.3587
-0.17685
0.077996
0.30064
0.39907
0.3326
0.12867
-0.12853
-0.3326
-0.39912
-0.30068
-0.078059
0.17685
0.35869
0.39228
0.26376
0.026219
-0.2222
-0.37876
-0.37872
-0.22221
0.026121
0.26369
0.39228
0.35872
0.17691
-0.078005
-0.30071
-0.39911
-0.33255
-0.12856
0.12854
0.33256
0.39912
0.30071
0.078025
-0.17689
-0.35872
-0.39229
-0.26371
-0.02616
0.2222
0.37874
0.37874
0.2222
-0.02616
-0.26371
-0.39229
-0.35872
-0.17689
0.078025
0.30071
0.39912
0.33256
0.12856
-0.12856
-0.33256
-0.39912
-0.30071
-0.078025
0.17689
0.35872
0.39229
0.26371
0.02616
-0.2222
-0.37874
-0.37874
-0.2222
0.02616
0.26371
0.39229
0.35872
0.17689
-0.078025
-0.30071
-0.39912
-0.33256
-0.12856
0.12856
0.33256
0.39912
0.30071
0.078025
-0.17689
-0.35872
-0.39229
-0.26371
-0.02616
0.2222
0.37874
0.37874
0.2222
-0.02616
-0.26371
-0.39229
-0.35872
-0.17689
0.078025
0.30071
0.39912
0.33256
0.12856
-0.12856
-0.33256
-0.39912
-0.30071
-0.078025
0.17689
0.35872
0.39229
0.26371
0.02616
-0.2222
-0.37874
-0.37874
-0.2222
0.02616
0.26371
0.39229
0.35872
0.17689
-0.078025
-0.30071
-0.39912
-0.33256
-0.12856
0.12856
0.33256
0.39912
0.30071
0.078025
-0.17689
-0.35872
-0.39229
-0.26371
-0.02616
0.2222
0.37874
0.37874
0.2222
-0.02616
-0.26371
-0.39229
-0.35872
-0.17689
0.078025
0.30071
0.39912
0.33256
0.12856
-0.12856
-0.33256
-0.39912
-0.30071
-0.078025
0.17689
0.35872
0.39229
0.26371
0.02616
-0.2222
-0.37874
-0.37874
-0.2222
0.02616
0.26371
0.39229
0.35872
0.17689
-0.078025
-0.30071
-0.39912
-0.33256
-0.12856
0.12856
0.33256
0.39912
0.30071
0.078025
-0.17689
-0.35872
-0.39229
-0.26371
-0.02616
0.2222
0.37874
0.37874
0.2222
-0.02616
-0.26371
-0.39229
-0.35872
-0.17689
0.078025
0.30071
0.39912
0.33256
0.12856
-0.12856
-0.33256
-0.39912
-0.30071
-0.078025
0.17689
0.35872
0.39229
0.26371
0.02616
-0.2222
-0.37874
-0.37874
-0.2222
0.02616
0.26371
0.39229
0.35872
0.17689
-0.078025
-0.30071
-0.39912
-0.33256
-0.12856
0.12856
0.33256
0.39912
0.30071
0.078025
-0.17689
-0.35872
-0.39229
-0.26371
-0.02616
0.2222
0.37874
0.37874
0.2222
-0.02616
-0.26371
-0.39229
-0.35872
-0.17689
0.078025
0.30071
0.39912
0.33256
0.12856
-0.12856
-0.33256
-0.39912
-0.30071
-0.078025
0.17689
0.35872
0.39229
0.26371
0.02616
-0.2222
-0.37874
-0.37874
-0.2222
0.02616
0.26371
0.39229
0.35872
0.17689
-0.078025
-0.30071
-0.39912
-0.33256
-0.12856
0.12856
0.33256
0.39912
0.30071
0.078025
-0.17689
-0.35872
-0.39229
-0.26371
-0.02616
0.2222
0.37874
0.37874
0.2222
-0.02616
-0.26371
-0.39229
-0.35872
-0.17689
0.078025
0.30071
0.39912
0.33256
0.12856
-0.12856
-0.33256
-0.39912
-0.30071
-0.078025
0.17689
0.35872
0.39229
0.26371
0.02616
-0.2222
-0.37874
-0.37874
-0.2222
0.02616
0.26371
0.39229
0.35872
0.17689
-0.078025
-0.30071
-0.39912
-0.33256
-0.12856
0.12856
0.33256
0.39912
0.30071
0.078025
-0.17689
-0.35872
-0.39229
-0.26371
-0.02616
0.2222
0.37874
0.37874
0.2222
-0.02616
-0.26371
-0.39229
-0.35872
-0.17689
0.078025
0.30071
0.39912
0.33256
0.12856
-0.12856
-0.33256
-0.39912
-0.30071
-0.078025
0.17689
0.35872
0.39229
0.26371
0.02616
-0.2222
-0.37874
-0.37874
-0.2222
0.02616
0.26371
0.39229
0.35872
0.17689
-0.078025
-0.30071
-0.39912
-0.33256
-0.12856
0.12856
0.33256
0.39912
0.30071
0.078025
-0.17689
-0.35872
-0.39229
-0.26371
-0.02616
0.2222
0.37874
0.37874
0.2222
-0.02616
-0.26371
-0.39229
-0.35872
-0.17689
0.078025
0.30071
0.39912
0.33256
0.12856
-0.12856
-0.33256
-0.39912
-0.30071
-0.078025
0.17689
0.35872
0.39229
0.26371
0.02616
-0.2222
-0.37874
-0.37874
-0.2222
0.02616
0.26371
0.39229
0.35872
0.17689
-0.078025
-0.30071
-0.39912
-0.33256
-0.12856
0.12856
0.33256
0.39912
0.30071
0.078025
-0.17689
-0.35872
-0.39229
-0.26371
-0.02616
0.2222
0.37874
0.37874
0.2222
-0.02616
-0.26371
-0.39229
-0.35872
-0.17689
0.078025
0.30071
0.39912
0.33256
0.12856
-0.12856
-0.33256
-0.39912
-0.30071
-0.078025
0.17689
0.35872
0.39229
0.26371
0.02616
-0.2222
-0.37874
-0.37874
-0.2222
0.02616
0.26371
0.39229
0.35872
0.17689
-0.078025
-0.30071
-0.39912
-0.33256
-0.12856
0.12856
0.33256
0.39912
0.30071
0.078025
-0.17689
-0.35872
-0.39229
-0.26371
-0.02616
0.2222
0.37874
0.37874
0.2222
-0.02616
-0.26371
-0.39229
-0.35872
-0.17689
0.078025
0.30071
0.39912
0.33256
0.12856
-0.12856
-0.33256
-0.39912
-0.30071
-0.078025
0.17689
0.35872
0.39229
0.26371
0.02616
-0.2222
-0.37874
-0.37874
-0.2222
0.02616
0.26371
0.39229
0.35872
0.17689
-0.078025
-0.30071
-0.39912
-0.33256
-0.12856
0.12856
0.33256
0.39912
0.30071
0.078025
-0.17689
-0.35872
-0.39229
-0.26371
-0.02616
0.2222
0.37874
0.37874
0.2222
-0.02616
-0.26371
-0.39229
-0.35872
-0.17689
0.078025
0.30071
0.39912
0.33256
0.12856
-0.12856
-0.33256
-0.39912
-0.30071
-0.078025
0.17689
0.35872
0.39229
0.26371
0.02616
-0.2222
-0.37874
-0.37874
-0.2222
0.02616
0.26371
0.39229
0.35872
0.17689
-0.078025
-0.30071
-0.39912
-0.33256
-0.12856
0.12856
0.33256
0.39912
0.30071
0.078025
-0.17689
-0.35872
-0.39229
-0.26371
-0.02616
0.2222
0.37874
0.37874
0.2222
-0.02616
-0.26371
-0.39229
-0.35872
-0.17689
0.078025
0.30071
0.39912
0.33256
0.12856
-0.12856
-0.33256
-0.39912
-0.30071
-0.078025
0.17689
0.35872
0.39229
0.26371
0.02616
-0.2222
-0.37874
-0.37874
-0.2222
0.02616
0.26371
0.39229
0.35872
0.17689
-0.078025
-0.30071
-0.39912
-0.33256
-0.12856
0.12856
0.33256
0.39912
0.30071
0.078025
-0.17689
-0.35872
-0.39229
-0.26371
-0.02616
0.2222
0.37874
0.37874
0.2222
-0.02616
-0.26371
-0.39229
-0.35872
-0.17689
0.078025
0.30071
0.39912
0.33256
0.12856
-0.12856
-0.33256
-0.39912
-0.30071
-0.078025
0.17689
0.35872
0.39229
0.26371
0.02616
-0.2222
-0.37874
-0.37874
-0.2222
0.02616
0.26371
0.39229
0.35872
0.17689
-0.078025
-0.30071
-0.39912
-0.33256
-0.12856
0.12856
0.33256
0.39912
0.30071
0.078025
-0.17689
-0.35872
-0.39229
-0.26371
-0.02616
0.2222
0.37874
0.37874
0.2222
-0.02616
-0.26371
-0.39229
-0.35872
-0.17689
0.078025
0.30071
0.39912
0.33256
0.12856
-0.12856
-0.33256
-0.39912
-0.30071
-0.078025
0.17689
0.35872
0.39229
0.26371
0.02616
-0.2222
-0.37874
-0.37874
-0.2222
0.02616
0.26371
0.39229
0.35872
0.17689
-0.078025
-0.30071
-0.39912
-0.33256
-0.12856
0.12856
0.33256
0.39912
0.30071
0.078025
-0.17689
-0.35872
-0.39229
-0.26371
-0.02616
0.2222
0.37874
0.37874
0.2222
-0.02616
-0.26371
-0.39229
-0.35872
-0.17689
0.078025
0.30071
0.39912
0.33256
0.12856
-0.12856
-0.33256
-0.39912
-0.30071
-0.078025
0.17689
0.35872
0.39229
0.26371
0.02616
-0.2222
-0.37874
-0.37874
-0.2222
0.02616
0.26371
0.39229
0.35872
0.17689
-0.078025
-0.30071
-0.39912
-0.33256
-0.12856
0.12856
0.33256
0.39912
0.30071
0.078025
-0.17689
-0.35872
-0.39229
-0.26371
-0.02616
0.2222
0.37874
0.37874
0.2222
-0.02616
-0.26371
-0.39229
-0.35872
-0.17689
0.078025
0.30071
0.39912
0.33256
0.12856
-0.12856
-0.33256
-0.39912
-0.30071
-0.078025
0.17689
0.35872
0.39229
0.26371
0.02616
-0.2222
-0.37874
-0.37874
-0.2222
0.02616
0.26371
0.39229
0.35872
0.17689
-0.078025
-0.30071
-0.39912
-0.33256
-0.12856
0.12856
0.33256
0.39912
0.30071
0.078025
-0.17689
-0.35872
-0.39229
-0.26371
-0.02616
0.2222
0.37874
0.37874
0.2222
-0.02616
-0.26371
-0.39229
-0.35872
-0.17689
0.078025
0.30071
0.39912
0.33256
0.12856
-0.12856
-0.33256
-0.39912
-0.30071
-0.078025
0.17689
0.35872
0.39229
0.26371
0.02616
-0.2222
-0.37874
-0.37874
-0.2222
0.02616
0.26371
0.39229
0.35872
0.17689
-0.078025
-0.30071
-0.39912
-0.33256
-0.12856
0.12856
0.33256
0.39912
0.30071
0.078025
-0.17689
-0.35872
-0.39229
-0.26371
-0.02616
0.2222
