1651 9 5000 1 400 2
0
20089
3392
7094
19661
-6727
-18537
-886
-11351
-17126
12661
15414
0
15414
12661
-17126
-11351
-886
-18537
-6727
19661
7094
3392
20089
-0
-20089
-3392
-7094
-19661
6727
18537
886
11351
17126
-12661
-15414
0
-15414
-12661
17126
11351
886
18537
6727
-19661
-7094
-3392
-20089
0
20089
3392
7094
19661
-6727
-18537
-886
-11351
-17126
12661
15414
0
15414
12661
-17126
-11351
-886
-18537
-6727
19661
7094
3392
20089
0
-20089
-3392
-7094
-19661
6727
18537
886
11351
17126
-12661
-15414
0
-15414
-12661
17126
11351
886
18537
6727
-19661
-7094
-3392
-20089
0
20089
3392
7094
19661
-6727
-18537
-886
-11351
-17126
12661
15414
0
15414
12661
-17126
-11351
-886
-18537
-6727
19661
7094
3392
20089
0
-20089
-3392
-7094
-19661
6727
18537
886
11351
17126
-12661
-15414
0
-15414
-12661
17126
11351
886
18537
6727
-19661
-7094
-3392
-20089
-0
20089
3392
7094
19661
-6727
-18537
-886
-11351
-17126
12661
15414
0
15414
12661
-17126
-11351
-886
-18537
-6727
19661
7094
3392
20089
-0
-20089
-3392
-7094
-19661
6727
18537
886
11351
17126
-12661
-15414
0
-15414
-12661
17126
11351
886
18537
6727
-19661
-7094
-3392
-20089
0
20089
3392
7094
19661
-6727
-18537
-886
-11351
-17126
12661
15414
0
15414
12661
-17126
-11351
-886
-18537
-6727
19661
7094
3392
20089
0
-20089
-3392
-7094
-19661
6727
18537
886
11351
17126
-12661
-15414
0
-15414
-12661
17126
11351
886
18537
6727
-19661
-7094
-3392
-20089
-0
20089
3392
7094
19661
-6727
-18537
-886
-11351
-17126
12661
15414
0
15414
12661
-17126
-11351
-886
-18537
-6727
19661
7094
3392
20089
0
-20089
-3392
-7094
-19661
6727
18537
886
11351
17126
-12661
-15414
0
-15414
-12661
17126
11351
886
18537
6727
-19661
-7094
-3392
-20089
-0
20089
3392
7094
19661
-6727
-18537
-886
-11351
-17126
12661
15414
0
15414
12661
-17126
-11351
-886
-18537
-6727
19661
7094
3392
20089
0
-20089
-3392
-7094
-19661
6727
18537
886
11351
17126
-12661
-15414
0
-15414
-12661
17126
11351
886
18537
6727
-19661
-7094
-3392
-20089
0
20089
3392
7094
19661
-6727
-18537
-886
-11351
-17126
12661
15414
0
15414
12661
-17126
-11351
-886
-18537
-6727
19661
7094
3392
20089
0
-20089
-3392
-7094
-19661
6727
18537
886
11351
17126
-12661
-15414
0
-15414
-12661
17126
11351
886
18537
6727
-19661
-7094
-3392
-20089
0
20089
3392
7094
19661
-6727
-18537
-886
-11351
-17126
12661
15414
0
15414
12661
-17126
-11351
-886
-18537
-6727
19661
7094
3392
20089
0
-20089
-3392
-7094
-19661
6727
18537
886
11351
17126
-12661
-15414
0
-15414
-12661
17126
11351
886
18537
6727
-19661
-7094
-3392
-20089
-0
20089
3392
7094
19661
-6727
-18537
-886
-11351
-17126
12661
15414
0
15414
12661
-17126
-11351
-886
-18537
-6727
19661
7094
3392
20089
0
-20089
-3392
-7094
-19661
6727
18537
886
11351
17126
-12661
-15414
0
-15414
-12661
17126
11351
886
18537
6727
-19661
-7094
-3392
-20089
-0
20089
3392
7094
19661
-6727
-18537
-886
-11351
-17126
12661
15414
0
15414
12661
-17126
-11351
-886
-18537
-6727
19661
7094
3392
20089
0
-20089
-3392
-7094
-19661
6727
18537
886
11351
17126
-12661
-15414
0
-15414
-12661
17126
11351
886
18537
6727
-19661
-7094
-3392
-20089
0
20089
3392
7094
19661
-6727
-18537
-886
-11351
-17126
12661
15414
0
15414
12661
-17126
-11351
-886
-18537
-6727
19661
7094
3392
20089
-0
-20089
-3392
-7094
-19661
6727
18537
886
11351
17126
-12661
-15414
0
-15414
-12661
17126
11351
886
18537
6727
-19661
-7094
-3392
-20089
0
20089
3392
7094
19661
-6727
-18537
-886
-11351
-17126
12661
15414
0
15414
12661
-17126
-11351
-886
-18537
-6727
19661
7094
3392
20089
-0
-20089
-3392
-7094
-19661
6727
18537
886
11351
17126
-12661
-15414
0
-15414
-12661
17126
11351
886
18537
6727
-19661
-7094
-3392
-20089
0
20089
3392
7094
19661
-6727
-18537
-886
-11351
-17126
12661
15414
0
15414
12661
-17126
-11351
-886
-18537
-6727
19661
7094
3392
20089
-0
-20089
-3392
-7094
-19661
6727
18537
886
11351
17126
-12661
-15414
0
-15414
-12661
17126
11351
886
18537
6727
-19661
-7094
-3392
-20089
0
20089
3392
7094
19661
-6727
-18537
-886
-11351
-17126
12661
15414
0
15414
12661
-17126
-11351
-886
-18537
-6727
19661
7094
3392
20089
-0
-20089
-3392
-7094
-19661
6727
18537
886
11351
17126
-12661
-15414
0
-15414
-12661
17126
11351
886
18537
6727
-19661
-7094
-3392
-20089
0
20089
3392
7094
19661
-6727
-18537
-886
-11351
-17126
12661
15414
0
15414
12661
-17126
-11351
-886
-18537
-6727
19661
7094
3392
20089
-0
-20089
-3392
-7094
-19661
6727
18537
886
11351
17126
-12661
-15414
0
-15414
-12661
17126
11351
886
18537
6727
-19661
-7094
-3392
-20089
0
20089
3392
7094
19661
-6727
-18537
-886
-11351
-17126
12661
15414
0
15414
12661
-17126
-11351
-886
-18537
-6727
19661
7094
3392
20089
-0
-20089
-3392
-7094
-19661
6727
18537
886
11351
17126
-12661
-15414
0
-15414
-12661
17126
11351
886
18537
6727
-19661
-7094
-3392
-20089
0
20089
3392
7094
19661
-6727
-18537
-886
-11351
-17126
12661
15414
0
15414
12661
-17126
-11351
-886
-18537
-6727
19661
7094
3392
20089
-0
-20089
-3392
-7094
-19661
6727
18537
886
11351
17126
-12661
-15414
0
-15414
-12661
17126
11351
886
18537
6727
-19661
-7094
-3392
-20089
0
20089
3392
7094
19661
-6727
-18537
-886
-11351
-17126
12661
15414
0
15414
12661
-17126
-11351
-886
-18537
-6727
19661
7094
3392
20089
-0
-20089
-3392
-7094
-19661
6727
18537
886
11351
17126
-12661
-15414
0
-15414
-12661
17126
11351
886
18537
6727
-19661
-7094
-3392
-20089
0
20089
3392
7094
19661
-6727
-18537
-886
-11351
-17126
12661
15414
0
15414
12661
-17126
-11351
-886
-18537
-6727
19661
7094
3392
20089
-0
-20089
-3392
-7094
-19661
6727
18537
886
11351
17126
-12661
-15414
0
-15414
-12661
17126
11351
886
18537
6727
-19661
-7094
-3392
-20089
-0
20089
3392
7094
19661
-6727
-18537
-886
-11351
-17126
12661
15414
0
15414
12661
-17126
-11351
-886
-18537
-6727
19661
7094
3392
20089
-0
-20089
-3392
-7094
-19661
6727
18537
886
11351
17126
-12661
-15414
0
-15414
-12661
17126
11351
886
18537
6727
-19661
-7094
-3392
-20089
0
20089
3392
7094
19661
-6727
-18537
-886
-11351
-17126
12661
15414
0
15414
12661
-17126
