1651 9 5000 1 400 2
0
0
0
0
0
3.0518e-05
0
0
-3.0518e-05
3.0518e-05
3.0518e-05
-3.0518e-05
-6.1035e-05
3.0518e-05
6.1035e-05
0
-3.0518e-05
-3.0518e-05
6.1035e-05
9.1553e-05
-6.1035e-05
-0.00018311
-3.0518e-05
0.00018311
0.00012207
-0.00018311
-0.00021362
0.00012207
0.00030518
3.0518e-05
-0.00039673
-0.00024414
0.00036621
0.00045776
-0.00018311
-0.00064087
-9.1553e-05
0.00076294
0.00042725
-0.00067139
-0.00088501
0.00036621
0.0012207
0.00018311
-0.0012817
-0.00085449
0.0011292
0.0015564
-0.0005188
-0.0020447
-0.00042725
0.0021362
0.0014954
-0.0016479
-0.002533
0.00064087
0.0032349
0.00088501
-0.0032349
-0.0026245
0.0023804
0.0041199
-0.00073242
-0.0050049
-0.0016479
0.0048523
0.0042419
-0.0033875
-0.0064087
0.00057983
0.0074768
0.0030212
-0.006897
-0.0067749
0.004364
0.0097656
-9.1553e-05
-0.010956
-0.0053406
0.0096436
0.010742
-0.0054321
-0.01474
-0.0013123
0.0159
0.0095215
-0.013153
-0.017395
0.0059509
0.022858
0.0052185
-0.023407
-0.018646
0.016663
0.031281
-0.00085449
-0.037933
-0.025574
0.027527
0.066986
0.073792
0.079987
0.09024
0.043915
-0.09082
-0.21176
-0.14938
0.12988
0.44135
0.55753
0.44785
0.28467
0.2149
0.19849
0.1185
-0.0074463
-0.021454
0.15408
0.37158
0.4024
0.2048
-0.017365
-0.039978
0.14063
0.32245
0.32587
0.16608
0.002655
-0.041138
0.010193
0.033417
-0.06134
-0.24115
-0.37564
-0.34888
-0.16461
0.045715
0.13043
0.047546
-0.10071
-0.16745
-0.0979
0.024506
0.067719
-0.01178
-0.11728
-0.10403
0.065308
0.25833
0.28683
0.098511
-0.1568
-0.27206
-0.18906
-0.033783
0.04953
0.05127
0.052826
0.073303
0.044037
-0.050751
-0.090454
0.042908
0.26883
0.34708
0.15115
-0.1582
-0.29654
-0.16638
0.063202
0.18127
0.15463
0.086121
0.028137
-0.062866
-0.1976
-0.27985
-0.21622
-0.047821
0.094391
0.14444
0.14706
0.15305
0.14459
0.10095
0.068939
0.09671
0.12271
0.029205
-0.17258
-0.29028
-0.15622
0.14911
0.35654
0.29584
0.057068
-0.15256
-0.24094
-0.25812
-0.24838
-0.18323
-0.061829
0.01944
-0.023834
-0.12158
-0.1077
0.067474
0.24991
0.2507
0.057495
-0.16302
-0.24881
-0.17178
-0.006958
0.14908
0.20483
0.09906
-0.11725
-0.25345
-0.13232
0.19128
0.43054
0.35193
0.038483
-0.19452
-0.14542
0.070282
0.18103
0.063446
-0.16251
-0.30542
-0.29199
-0.18216
-0.067688
-0.0047913
-0.0046082
-0.033569
-0.027283
0.040039
0.099304
0.045959
-0.11807
-0.25494
-0.24905
-0.16092
-0.15344
-0.26703
-0.34998
-0.25439
-0.038849
0.099823
0.072479
-0.015564
-0.034729
0.0035095
0.015106
0.0038452
0.040955
0.098572
0.037659
-0.16916
-0.30563
-0.13782
0.24469
0.45978
0.27014
-0.11288
-0.2778
-0.11969
0.048035
-0.077454
-0.38434
-0.49307
-0.24658
0.099304
0.21002
0.067108
-0.07254
-0.044403
0.042938
0.013275
-0.11481
-0.16931
-0.073364
0.061829
0.10394
0.068817
0.062469
0.11053
0.12506
0.042023
-0.07959
-0.12646
-0.059845
0.062225
0.16568
0.21814
0.21329
0.14978
0.050507
-0.026825
-0.033661
0.020203
0.081482
0.10995
0.098328
0.046051
-0.043671
-0.12729
-0.12552
-0.011688
0.11533
0.10562
-0.070343
-0.26041
-0.28281
-0.12677
0.042114
0.080658
0.025726
0.020752
0.11475
0.1929
0.12164
-0.077087
-0.23428
-0.21136
-0.040161
0.11734
0.12775
-0.0037231
-0.16156
-0.23273
-0.19601
-0.12405
-0.10934
-0.17947
-0.26987
-0.27985
-0.16458
0.018799
0.15289
0.1535
0.034424
-0.10309
-0.14728
-0.061096
0.083221
0.15836
0.09491
-0.044739
-0.11948
-0.056
0.067108
0.10724
0.030151
-0.042053
0.018341
0.17303
0.24451
0.12558
-0.087158
-0.20236
-0.15436
-0.060669
-0.058777
-0.13882
-0.17581
-0.095825
0.048401
0.16138
0.20679
0.19345
0.1145
-0.033905
-0.18234
-0.21262
-0.091034
0.066864
0.1207
0.077057
0.073242
0.1792
0.28635
0.24536
0.073761
-0.058197
-0.052094
-0.0075684
-0.070251
-0.20828
-0.23657
-0.069061
0.14111
0.17099
-0.010712
-0.22836
-0.32867
-0.33633
-0.34628
-0.34363
-0.2269
0.0036926
0.18533
0.17319
0.028351
-0.050751
0.030884
0.16467
0.19952
0.13147
0.072937
0.068085
0.028442
-0.12094
-0.29578
-0.32379
-0.15405
0.06311
0.13174
0.017578
-0.12964
-0.14871
-0.031036
0.087677
0.076691
-0.062317
-0.20456
-0.2269
-0.1286
-0.034576
-0.068909
-0.21445
-0.30994
-0.21069
0.044281
0.24765
0.2229
-0.00054932
-0.22366
-0.27695
-0.16122
-0.00042725
0.10172
0.13065
0.11768
0.087433
0.061462
0.071198
0.12082
0.15039
0.084442
-0.064331
-0.17319
-0.13028
0.029999
0.1492
0.11243
-0.030853
-0.1333
-0.11249
-0.016632
0.061768
0.090027
0.089142
0.064911
-0.0032654
-0.10208
-0.16776
-0.15872
-0.11743
-0.11322
-0.13809
-0.11432
-0.024658
0.025848
-0.060089
-0.20233
-0.19009
0.060089
0.3544
0.40811
0.17664
-0.076569
-0.078827
0.14279
0.31345
0.24551
0.034424
-0.10043
-0.090332
-0.055939
-0.10654
-0.20169
-0.2399
-0.20844
-0.16794
-0.12759
-0.029297
0.12094
0.19186
0.07016
-0.16595
-0.29834
-0.20914
-0.0082092
0.11697
0.12625
0.13336
0.20575
0.24814
0.13565
-0.088867
-0.22977
-0.16083
0.022461
0.11032
0.010284
-0.16699
-0.24802
-0.18011
-0.058899
0.0024109
-0.0040283
0.0093384
0.10931
0.25311
0.32138
0.24332
0.085449
-0.0054932
0.038147
0.11398
0.053284
-0.17584
-0.39709
-0.39334
-0.14136
0.15332
0.2652
0.16422
0.0047302
-0.067139
-0.043457
0.0053406
0.054413
0.1311
0.21951
0.22809
0.09256
-0.11957
-0.25439
-0.22815
-0.1098
-0.035522
-0.063751
-0.13498
-0.15692
-0.098053
0.0047302
0.095337
0.12885
0.075348
-0.062134
-0.21677
-0.27786
-0.18271
0.0065613
0.14505
0.14551
0.065491
0.034912
0.10202
0.18021
0.16034
0.047272
-0.049072
-0.055115
-0.020416
-0.03775
-0.10352
-0.1145
-0.009491
0.13098
0.17273
0.093231
0.0054626
0.0065308
0.05545
0.04599
-0.028198
-0.050201
0.05835
0.20682
0.22186
0.052429
-0.16
-0.23138
-0.11743
0.069214
0.19019
0.19174
0.1077
0.014191
-0.0074768
0.083618
0.22668
0.26877
0.10031
-0.203
-0.41632
-0.38483
-0.18326
-0.022034
-0.0044556
-0.028015
0.058411
0.24619
0.36285
0.26581
-0.0021362
-0.25931
-0.35162
-0.2583
-0.066742
0.10913
0.19058
0.1618
0.07193
-0.00088501
-0.015778
-0.0053101
-0.034546
-0.12079
-0.20682
-0.21915
-0.14264
-0.031403
0.046417
0.064758
0.048737
0.042419
0.070709
0.12164
0.15421
0.12775
0.033569
-0.093964
-0.19559
-0.22089
-0.15659
-0.037109
0.070862
0.11203
0.087463
0.051727
0.052032
0.072296
0.059601
0.0095825
-0.0065002
0.071045
0.1922
0.23404
0.14893
0.034363
0.017181
0.091675
0.13205
0.07312
0.015747
0.09671
0.27863
0.34897
0.15897
-0.17972
-0.38937
-0.30917
-0.045135
0.16086
0.16751
0.021637
-0.14328
-0.23535
-0.2359
-0.16632
-0.070923
-0.01355
-0.040222
-0.12564
-0.1796
-0.13083
-0.0013428
0.11557
0.14963
0.11685
0.088531
0.11374
0.17685
0.22571
0.22659
0.19092
0.15363
0.13309
0.11606
0.083496
0.048248
0.054901
0.12958
0.23093
0.26804
0.18304
0.017365
-0.11765
-0.13843
-0.056244
0.055206
0.14386
0.21463
0.28513
0.32816
0.28558
0.14285
-0.027161
-0.11465
-0.074005
0.033875
0.1019
0.077972
-0.00042725
-0.061127
-0.071808
-0.054199
-0.042023
-0.04953
-0.083771
-0.16132
-0.28378
-0.40216
-0.43906
-0.36935
-0.26389
-0.22131
-0.24954
-0.24536
-0.11807
0.077087
0.16904
0.056396
-0.15771
-0.25015
-0.10968
0.13831
0.25592
0.13733
-0.089966
-0.20755
-0.12936
0.029938
0.09256
-0.0032654
-0.16693
-0.26785
-0.25659
-0.17706
-0.093658
-0.03067
0.022858
0.073181
0.10492
0.10254
0.083344
0.10043
0.19891
0.3533
0.45239
0.3768
0.12311
-0.15689
-0.27496
-0.18738
-0.038147
-0.00067139
-0.090149
-0.1684
-0.1322
-0.040558
-0.018677
-0.071716
-0.07251
0.052032
0.18936
0.16257
-0.04126
-0.2377
-0.25854
-0.13669
-0.02887
-0.00091553
0.028046
0.12378
0.21237
0.18274
0.063721
0.0038147
0.061188
0.10229
-0.027771
-0.27728
-0.42084
-0.32901
-0.12845
-0.041595
-0.11438
-0.18121
-0.09671
0.077698
0.16357
0.094879
-0.01413
-0.028473
0.045258
0.091614
0.041046
-0.06192
-0.13623
-0.15475
-0.13809
-0.10092
-0.052582
-0.036133
-0.11215
-0.27905
-0.44034
-0.48798
-0.40781
-0.27414
-0.1449
-0.012665
0.12015
0.16669
0.031219
-0.23016
-0.39557
-0.29214
-0.010742
0.16455
0.071472
-0.1377
-0.17377
0.041748
0.28122
0.28806
0.081482
-0.086761
-0.056915
0.052185
0.023224
-0.16409
-0.30515
-0.23166
-0.012146
0.15146
0.16934
0.13058
0.1387
0.16794
0.12503
0.0014038
-0.10498
-0.11362
-0.05249
-0.010132
-0.038055
-0.12057
-0.20248
-0.21011
-0.080872
0.15817
0.34299
0.28412
-0.015503
-0.29797
-0.28366
0.025879
0.33728
0.37964
0.17227
-0.056
-0.15549
-0.16684
-0.16272
-0.1051
0.058319
0.23108
0.23676
0.064575
-0.067719
0.023773
0.23111
0.26831
0.039032
-0.22186
-0.23132
-0.0041504
0.17999
0.13
-0.049377
-0.13748
-0.087769
-0.042694
-0.098419
-0.17068
-0.13409
-0.012207
0.053162
-0.0047913
-0.097595
-0.11249
-0.057648
-0.032562
-0.087921
-0.17395
-0.22
-0.21426
-0.18472
-0.14221
-0.078125
-0.0013123
0.059875
0.091827
0.10397
0.10159
0.078247
0.043518
0.023956
0.015869
-0.029785
-0.13019
-0.19806
-0.11713
0.082916
0.19113
0.032837
-0.29129
-0.46912
-0.3212
-0.021179
0.10135
-0.047089
-0.22156
-0.16159
0.066833
0.15005
-0.067413
-0.36523
-0.40128
-0.12289
0.17206
0.19128
-0.029816
-0.2178
-0.21561
-0.13809
-0.1618
-0.2662
-0.27966
-0.14856
-0.033356
-0.083862
-0.20145
-0.14667
0.1178
0.31082
0.14905
-0.2702
-0.52277
-0.32715
0.12216
0.36996
0.20984
-0.11453
-0.23145
-0.067627
0.12042
0.091095
-0.11584
-0.27652
-0.25378
-0.098785
0.067841
0.17365
0.18408
0.07193
-0.12766
-0.27432
-0.22961
-0.024231
0.14484
0.12817
-0.0064392
-0.066833
0.021729
0.13336
0.11075
-0.042847
-0.18448
-0.20844
-0.1387
-0.052551
0.020569
0.082123
0.092987
-0.01178
-0.22116
-0.40497
-0.41046
-0.20279
0.096802
0.30869
0.32889
0.19547
0.048309
0.015656
