1651 9 5000 1 400 2
0.13442
0.45847
-0.56471
0.21554
0.079691
-0.32692
-0.1084
0.085656
0.8946
0.69236
-0.33747
0.75873
0.18135
-0.015764
0.17869
-0.051242
-0.031036
0.37242
0.35226
0.3543
0.16787
-0.30187
0.17931
0.40756
0.12222
0.25867
0.18172
-0.07586
0.073468
-0.19682
0.2221
-0.28677
-0.26722
-0.20237
-0.73607
0.3596
0.081298
-0.18873
0.34257
-0.42788
-0.025561
-0.060362
0.079802
0.078215
-0.21622
-0.0075128
-0.04122
0.15693
0.27332
0.27732
-0.21591
0.01934
-0.30353
-0.27838
-0.0017123
0.38316
-0.19242
0.092845
-0.056396
0.27934
-0.27227
0.0081394
0.13813
0.27515
0.38605
0.021483
-0.3729
-0.18558
-0.2654
0.58761
-0.1539
0.18702
-0.048105
0.22215
-0.19121
-0.35057
-0.35559
0.12205
-0.044344
-0.049013
0.35483
0.072896
0.049453
0.39692
-0.20112
0.17416
0.20877
-0.060929
0.053918
-0.29146
-0.28699
0.026219
0.18056
0.64637
-0.16672
0.046833
-0.020624
-0.48326
-0.10974
-0.44867
0.21009
-0.22201
0.025023
-0.13613
0.07588
-0.15008
0.12249
0.18484
0.42797
-0.048531
-0.53459
-0.2099
0.33865
-0.26804
0.24024
0.031012
0.35917
-0.49022
-0.049425
-0.30196
0.727
0.2063
0.34474
-0.26455
-0.11715
-0.068117
0.27461
-0.069468
0.17539
-0.51295
-0.088462
-0.2059
-0.39426
0.12699
0.070496
0.00837
-0.33342
0.28187
0.087545
-0.074767
0.0057224
-0.065499
-0.43755
-0.071413
-0.20784
-0.2448
-0.2891
-0.13339
-0.50066
0.24106
0.13002
-0.005007
-0.0086928
-0.19954
0.25467
-0.033304
-0.17863
0.33785
-0.056193
-0.14726
-0.073438
-0.21198
-0.28003
0.6315
0.41387
0.076884
-0.31428
-0.21637
-0.044134
0.19785
-0.333
-0.58247
-0.36227
0.083378
0.097838
0.11292
-0.032571
0.045922
-0.11904
0.21551
-0.34042
0.11376
-0.21218
-0.083722
0.1382
0.25977
-0.27941
0.31516
0.16504
-0.016966
-0.048805
-0.054402
-0.075777
0.0057614
0.012823
0.20652
0.38174
0.11673
-0.052428
0.1563
0.045807
-0.25744
0.23731
0.076765
0.033794
0.12881
0.065352
-0.23537
-0.040584
-0.036514
-0.133
0.42053
-0.21893
-0.12095
-0.178
-0.29355
-0.04806
-0.068518
0.38252
-0.062256
-0.26605
0.40086
0.30867
-0.057407
-0.37654
-0.11116
-0.038985
0.069017
-0.065291
0.11086
0.097974
-0.31267
-0.23699
-0.18528
-0.12695
-0.080144
0.0031173
-0.75729
-0.11425
0.31061
-0.26668
0.23343
0.08758
-0.0072514
0.045613
-0.39126
-0.021135
0.40099
0.024587
0.010343
-0.18354
-0.0077034
0.058087
0.1066
-0.093202
-0.059114
0.50592
-0.56459
0.55736
0.084391
0.25002
-0.41604
-0.14751
-0.069516
0.10568
-0.41755
0.11791
-0.30321
0.016548
0.16309
0.081765
0.27066
0.25152
-0.16273
0.064264
-0.23609
-0.33045
0.23121
1.2462e-05
-0.01373
0.22778
0.14865
0.08755
0.31256
0.23245
0.059941
-0.17259
-0.16289
0.29803
-0.40296
-0.0061155
-0.48721
0.25512
0.21543
0.00029052
-0.017709
-0.62157
0.14529
-0.54811
-0.57982
0.019983
-0.23712
0.10287
0.16924
0.21443
-0.17279
0.11234
0.025158
0.20652
0.13404
0.22447
-0.032984
-0.0368
0.25194
-0.53091
-0.12615
-0.31765
-0.095646
0.16217
0.20643
-0.25374
-0.11777
0.034256
-0.072966
0.075455
0.099983
-0.23249
-0.044208
-0.53302
0.28634
-0.15727
-0.30096
-0.063486
-0.35716
-0.0052144
-0.14017
0.54444
0.28462
-0.62422
0.11033
-0.34953
-0.063764
0.041101
0.18693
-0.068262
0.39408
-0.12023
0.081878
0.16618
0.021297
0.22024
0.080803
-0.19604
-0.45134
0.46465
-0.15113
0.02584
0.14079
0.028399
-0.22618
-0.11693
-0.031222
0.36974
-0.2152
0.19617
0.077156
-0.058465
-0.26424
-0.071035
-0.021673
-0.36735
0.048046
-0.20557
-0.02356
0.084053
-0.22616
-0.072064
0.087516
-0.45896
0.25899
0.60612
0.23985
-0.078943
0.10716
-0.259
0.46947
0.23518
0.19684
-0.21897
0.079987
-0.13957
-0.077857
-0.1425
-0.25643
-0.22719
-0.052474
-0.42472
0.1519
-0.02945
0.17479
0.067412
0.12357
-0.37078
-0.25507
-0.11175
0.027415
0.28218
-0.072491
0.31539
0.11886
0.29353
0.031737
-0.1642
-0.37035
0.038872
0.20464
-0.073147
-0.1352
-0.07716
-0.27415
-0.12325
-0.045185
0.01146
-0.015946
0.15283
0.027329
0.4535
0.078006
0.45112
-0.18078
0.13164
-0.065063
0.15004
0.14848
-0.54651
-0.33176
-0.36025
0.10046
0.36755
-0.081704
0.20308
0.13639
-0.26291
0.099367
-0.18797
0.37907
-0.0081416
0.409
-0.10626
0.14736
-0.015698
-0.50549
-0.24553
0.15313
-0.013722
-0.27968
-0.15659
0.062379
-0.24825
0.24374
-0.16018
0.45222
-0.26997
0.049797
-0.38026
-0.18091
-0.14831
0.10033
0.23553
0.075121
-0.093268
0.20387
0.19972
0.030051
0.14281
0.1032
-0.24674
0.18989
-0.1643
-0.15098
0.044237
-0.076876
-0.032955
0.14884
0.26171
-0.04949
0.08192
-0.059575
0.057399
0.11
-0.15422
0.068709
0.15028
0.023077
0.43246
-0.15214
-0.18426
-0.43747
0.22762
0.21677
-0.019973
0.22462
0.045926
0.072698
0.028236
0.10999
0.025416
0.69683
-0.29167
-0.46357
-0.28517
-0.27334
-0.1084
-0.042117
-0.054633
0.13533
0.097317
0.18781
0.44456
0.30577
-0.32081
-0.58224
0.22548
-0.45891
0.016689
0.0088699
0.55679
-0.017304
-0.12683
0.058952
0.061451
0.017511
-0.15215
-0.30565
0.079125
-0.33572
-0.25805
0.3328
-0.10473
-0.03508
0.22496
-0.075028
0.25734
-0.086266
0.2532
0.15733
-0.053254
-0.21642
-0.26078
-0.067517
-0.10954
-0.10217
0.24589
-0.074424
0.28592
-0.13291
0.24314
-0.13056
0.044144
0.24268
-0.10349
-0.10957
0.50085
0.23775
-0.108
0.16224
-0.090019
0.17647
0.35396
-0.40113
0.25721
0.36449
0.011868
0.43656
0.038847
-0.30928
-0.54837
-0.083352
0.17839
0.079352
0.1034
-0.14427
0.036
-0.40967
-0.19002
-0.2047
0.12993
-0.00354
-0.28888
-0.0023812
-0.17245
-0.16667
0.21604
0.028355
0.099591
0.22099
0.045064
0.13771
0.17074
0.29265
0.11897
0.35306
0.0056521
-0.011967
0.42533
-0.12743
-0.00071374
0.22997
0.037452
0.35123
0.25853
0.072893
-0.19442
0.14167
-0.34566
0.061119
0.20211
0.05326
0.21992
0.50972
0.23098
0.066729
0.16042
0.10637
-0.32868
-0.1041
0.30617
-0.010896
0.14561
-0.25163
0.016129
0.15007
-0.34038
0.086898
-0.045461
-0.23488
-0.0093833
-0.47408
-0.53199
-0.29423
-0.24763
-0.29326
-0.43136
0.072057
-0.39855
0.027555
0.19677
-0.0005567
0.023277
-0.094539
-0.37067
-0.010955
0.24021
0.43456
-0.10755
-0.40683
0.041587
0.094066
-0.056738
-0.28723
0.50608
-0.58988
-0.12749
-0.33041
-0.15903
0.079463
0.034512
-0.17768
0.19425
0.1556
0.16185
-0.10641
0.26215
0.16518
0.62719
0.26586
0.28923
0.013245
-0.3221
-0.092805
-0.18945
-0.14099
0.13878
-0.13919
-0.22378
-0.10233
-0.040222
0.10233
-0.23816
0.079329
0.019505
0.3311
-0.053293
-0.03362
-0.29284
-0.34632
0.077627
-0.062372
0.12594
-0.22317
0.47713
0.030558
0.26176
-0.05673
-0.040625
0.17251
0.13894
-0.28006
-0.38317
-0.27447
-0.35394
0.014893
-0.10281
-0.092003
-0.34024
0.19489
0.10985
-0.022406
0.2553
-0.21849
0.10368
0.08711
0.087314
-0.18231
0.08171
-0.12872
-0.22411
-0.30082
0.25945
-0.21149
-0.043228
-0.30216
-0.074282
-0.80801
-0.27174
-0.35661
-0.25361
-0.053317
-0.081337
0.4861
-0.14294
-0.062508
-0.39233
-0.11935
-0.33449
0.0075748
0.21327
0.10106
-0.17516
-0.40764
0.365
0.51251
0.030125
-0.24748
0.29944
-0.14816
-0.11745
0.22159
-0.3463
-0.48919
0.10517
0.10018
0.023786
0.12417
0.27056
0.24261
-0.14214
0.20249
0.043312
-0.12639
-0.29833
0.16174
-0.088406
0.011609
-0.19824
-0.38763
0.042897
-0.015535
0.29976
0.20043
0.26333
-0.18722
-0.23408
-0.31727
0.1245
0.69727
0.18189
-0.19327
0.20916
-0.28208
-0.35612
0.17936
-0.19448
0.078996
0.35163
0.10028
0.23242
-0.40145
0.16538
0.53463
0.13528
-0.38522
-0.050786
-0.12499
0.095756
0.10301
0.10137
-0.090945
-0.14982
-0.1474
0.21339
-0.46325
-0.051826
0.067595
-0.16319
0.11931
-0.01783
-0.23458
0.040341
-0.067046
-0.10247
-0.17783
0.015361
-0.46153
-0.099583
-0.13589
-0.22797
0.16317
-0.18357
0.13516
0.24396
-0.039218
0.06945
0.15988
-0.020245
0.13522
-0.31564
0.27761
-0.24739
-0.45721
0.34612
-0.015682
0.11223
-0.090815
-0.25515
-0.76825
0.15657
-0.071671
-0.049336
0.1014
-0.35484
-0.18236
0.28683
0.14947
-0.32032
-0.55082
-0.14281
0.053499
0.23559
0.023431
-0.28058
0.076539
-0.29308
-0.24024
-0.16343
-0.30735
-0.067741
-0.22499
-0.071422
-0.11561
-0.10245
-0.12588
0.30832
0.15258
0.014768
-0.36674
-0.40645
-0.49119
0.6513
0.24309
0.064245
-0.24356
-0.28659
0.13691
0.39127
-0.42334
-0.11235
-0.021073
-0.498
0.21031
-0.10366
0.47805
-0.097725
0.1023
-0.28561
-0.15622
-0.29218
0.098144
0.32546
-0.14841
0.10909
-0.12609
0.025527
0.29906
0.030071
-0.25921
-0.21428
-0.042469
-0.047917
-0.21645
0.045166
0.31663
-0.062792
-0.051143
-0.55038
-0.19363
-0.34832
-0.096559
0.1314
0.38082
0.44962
-0.029221
-0.080049
0.20438
0.12254
0.19131
0.19457
-0.37008
0.13509
-0.022885
-0.19006
-0.1734
0.32036
-0.20243
-0.3092
0.053672
0.50269
0.0063886
0.077075
-0.23456
0.41855
0.031247
0.13253
-0.23802
0.21351
0.097286
-0.289
0.009935
-0.11265
0.027312
-0.062638
-0.047475
-0.25823
-0.080823
0.19163
0.43617
-0.29013
0.59435
0.38152
0.042127
-0.075302
-0.17466
0.20819
-0.17365
-0.11547
0.2209
0.10899
0.22419
0.12618
-0.10022
-0.12846
0.19909
-0.1678
0.29666
0.19768
0.07193
0.00080653
0.091404
0.88167
-0.028109
-0.38915
0.47878
0.15246
-0.16198
0.65433
0.13774
0.073551
-0.19446
-0.26623
-0.4421
-0.10573
-0.26328
0.16194
-0.079407
0.44225
0.37765
0.041003
-0.070691
0.28804
-0.28663
0.16842
-0.16728
-0.10008
-0.16795
0.14391
-0.19452
-0.26589
0.13824
-0.10586
0.090397
-0.087972
0.067385
-0.64111
0.11647
0.46339
0.25982
0.22772
-0.059933
0.04525
0.061062
0.024098
-0.20762
-0.088063
-0.043694
