1651 9 5000 1 400 2
4405
15023
-18504
7063
2611
-10713
-3552
2807
29314
22687
-11058
24862
5942
-517
5855
-1679
-1017
12203
11543
11610
5501
-9892
5876
13355
4005
8476
5955
-2486
2407
-6449
7278
-9397
-8756
-6631
-24120
11783
2664
-6184
11225
-14021
-838
-1978
2615
2563
-7085
-246
-1351
5142
8956
9087
-7075
634
-9946
-9122
-56
12555
-6305
3042
-1848
9153
-8922
267
4526
9016
12650
704
-12219
-6081
-8697
19255
-5043
6128
-1576
7279
-6266
-11487
-11652
3999
-1453
-1606
11627
2389
1620
13006
-6590
5707
6841
-1997
1767
-9551
-9404
859
5917
21180
-5463
1535
-676
-15835
-3596
-14702
6884
-7275
820
-4461
2486
-4918
4014
6057
14024
-1590
-17517
-6878
11097
-8783
7872
1016
11769
-16064
-1620
-9895
23822
6760
11296
-8669
-3839
-2232
8998
-2276
5747
-16808
-2899
-6747
-12919
4161
2310
274
-10926
9236
2869
-2450
188
-2146
-14338
-2340
-6811
-8022
-9473
-4371
-16406
7899
4260
-164
-285
-6539
8345
-1091
-5853
11071
-1841
-4825
-2406
-6946
-9176
20693
13562
2519
-10298
-7090
-1446
6483
-10912
-19086
-11871
2732
3206
3700
-1067
1505
-3901
7062
-11155
3728
-6953
-2743
4529
8512
-9156
10327
5408
-556
-1599
-1783
-2483
189
420
6767
12509
3825
-1718
5122
1501
-8436
7776
2515
1107
4221
2141
-7713
-1330
-1196
-4358
13780
-7174
-3963
-5833
-9619
-1575
-2245
12534
-2040
-8718
13135
10114
-1881
-12338
-3642
-1277
2262
-2139
3633
3210
-10246
-7766
-6071
-4160
-2626
102
-24815
-3744
10178
-8739
7649
2870
-238
1495
-12821
-693
13140
806
339
-6014
-252
1903
3493
-3054
-1937
16578
-18500
18264
2765
8193
-13633
-4834
-2278
3463
-13682
3864
-9936
542
5344
2679
8869
8242
-5332
2106
-7736
-10828
7576
0
-450
7464
4871
2869
10242
7617
1964
-5655
-5338
9766
-13204
-200
-15965
8360
7059
10
-580
-20368
4761
-17960
-19000
655
-7770
3371
5546
7026
-5662
3681
824
6767
4392
7355
-1081
-1206
8256
-17397
-4134
-10409
-3134
5314
6764
-8315
-3859
1123
-2391
2473
3276
-7618
-1449
-17466
9383
-5153
-9862
-2080
-11703
-171
-4593
17840
9326
-20454
3615
-11453
-2089
1347
6125
-2237
12913
-3940
2683
5445
698
7217
2648
-6424
-14790
15226
-4952
847
4613
931
-7411
-3832
-1023
12116
-7052
6428
2528
-1916
-8659
-2328
-710
-12037
1574
-6736
-772
2754
-7411
-2361
2868
-15039
8487
19861
7859
-2587
3511
-8487
15384
7706
6450
-7175
2621
-4573
-2551
-4669
-8403
-7445
-1719
-13917
4977
-965
5728
2209
4049
-12150
-8358
-3662
898
9246
-2375
10335
3895
9618
1040
-5381
-12136
1274
6706
-2397
-4430
-2528
-8983
-4039
-1481
376
-523
5008
896
14860
2556
14782
-5924
4314
-2132
4917
4865
-17908
-10871
-11805
3292
12044
-2677
6655
4469
-8615
3256
-6159
12421
-267
13402
-3482
4829
-514
-16564
-8046
5018
-450
-9165
-5131
2044
-8135
7987
-5249
14818
-8846
1632
-12460
-5928
-4860
3288
7718
2462
-3056
6680
6544
985
4680
3382
-8085
6222
-5384
-4947
1450
-2519
-1080
4877
8576
-1622
2684
-1952
1881
3604
-5053
2251
4924
756
14171
-4985
-6038
-14335
7459
7103
-654
7360
1505
2382
925
3604
833
22834
-9557
-15190
-9344
-8957
-3552
-1380
-1790
4434
3189
6154
14567
10019
-10512
-19079
7389
-15038
547
291
18245
-567
-4156
1932
2014
574
-4986
-10016
2593
-11001
-8456
10905
-3432
-1150
7371
-2459
8433
-2827
8297
5155
-1745
-7092
-8545
-2212
-3589
-3348
8057
-2439
9369
-4355
7967
-4278
1447
7952
-3391
-3590
16412
7791
-3539
5316
-2950
5783
11599
-13144
8428
11944
389
14305
1273
-10134
-17969
-2731
5845
2600
3388
-4727
1180
-13424
-6227
-6708
4258
-116
-9466
-78
-5651
-5461
7079
929
3263
7241
1477
4512
5595
9590
3898
11569
185
-392
13937
-4176
-23
7536
1227
11509
8472
2389
-6371
4642
-11327
2003
6623
1745
7206
16703
7569
2187
5257
3486
-10770
-3411
10033
-357
4771
-8245
529
4917
-11154
2847
-1490
-7697
-307
-15535
-17432
-9641
-8114
-9610
-14135
2361
-13060
903
6448
-18
763
-3098
-12146
-359
7871
14240
-3524
-13331
1363
3082
-1859
-9412
16583
-19329
-4178
-10827
-5211
2604
1131
-5822
6365
5099
5304
-3487
8590
5413
20552
8712
9477
434
-10555
-3041
-6208
-4620
4548
-4561
-7333
-3353
-1318
3353
-7804
2599
639
10849
-1746
-1102
-9596
-11348
2544
-2044
4127
-7313
15635
1001
8577
-1859
-1331
5653
4553
-9177
-12556
-8994
-11598
488
-3369
-3015
-11149
6386
3600
-734
8366
-7159
3397
2854
2861
-5974
2677
-4218
-7344
-9857
8502
-6930
-1416
-9901
-2434
-26477
-8904
-11685
-8310
-1747
-2665
15929
-4684
-2048
-12856
-3911
-10961
248
6988
3312
-5740
-13358
11960
16794
987
-8109
9812
-4855
-3849
7261
-11348
-16030
3446
3283
779
4069
8866
7950
-4658
6635
1419
-4142
-9776
5300
-2897
380
-6496
-12702
1406
-509
9823
6568
8629
-6135
-7670
-10396
4080
22848
5960
-6333
6854
-9243
-11669
5877
-6373
2589
11522
3286
7616
-13155
5419
17519
4433
-12623
-1664
-4096
3138
3375
3322
-2980
-4909
-4830
6992
-15180
-1698
2215
-5347
3910
-584
-7687
1322
-2197
-3358
-5827
503
-15123
-3263
-4453
-7470
5347
-6015
4429
7994
-1285
2276
5239
-663
4431
-10343
9097
-8106
-14982
11342
-514
3678
-2976
-8361
-25174
5130
-2349
-1617
3323
-11627
-5976
9399
4898
-10496
-18049
-4680
1753
7720
768
-9194
2508
-9604
-7872
-5355
-10071
-2220
-7372
-2340
-3788
-3357
-4125
10103
5000
484
-12017
-13319
-16095
21342
7966
2105
-7981
-9391
4486
12821
-13872
-3681
-691
-16318
6891
-3397
15665
-3202
3352
-9359
-5119
-9574
3216
10665
-4863
3575
-4132
836
9800
985
-8494
-7022
-1392
-1570
-7093
1480
10375
-2058
-1676
-18035
-6345
-11414
-3164
4306
12479
14733
-958
-2623
6697
4015
6269
6376
-12127
4427
-750
-6228
-5682
10498
-6633
-10132
1759
16472
209
2526
-7686
13715
1024
4343
-7799
6996
3188
-9470
326
-3691
895
-2053
-1556
-8462
-2648
6279
14292
-9507
19476
12502
1380
-2467
-5723
6822
-5690
-3784
7238
3571
7346
4135
-3284
-4209
6524
-5498
9721
6478
2357
26
2995
28891
-921
-12752
15689
4996
-5308
21441
4513
2410
-6372
-8724
-14487
-3465
-8627
5306
-2602
14492
12375
1344
-2316
9438
-9392
5519
-5481
-3279
-5503
4716
-6374
-8713
4530
-3469
2962
-2883
2208
-21008
3816
15184
8514
7462
-1964
1483
2001
790
-6803
-2886
-1432
