1651 9 5000 1 400 2
0
0
0
-4.1022e-06
-1.3991e-05
2.1336e-05
1.1516e-05
-9.7763e-06
-1.8773e-05
1.9662e-05
2.2693e-05
-3.8846e-05
-5.4474e-05
1.8908e-05
5.2779e-05
1.1245e-05
-4.2151e-05
-2.028e-05
7.372e-05
8.795e-05
-6.1357e-05
-0.00016909
-2.1482e-05
0.00017384
0.0001216
-0.00017328
-0.00020966
0.00013345
0.00031284
2.5027e-05
-0.00039404
-0.00023756
0.00037567
0.00045195
-0.00018368
-0.00064057
-7.7695e-05
0.00075225
0.00043637
-0.00066651
-0.00087399
0.00036831
0.0012059
0.00018204
-0.0012956
-0.00085886
0.0011254
0.0015608
-0.00050533
-0.0020583
-0.00041978
0.0021409
0.0015015
-0.0016536
-0.0025476
0.00064277
0.0032298
0.00089076
-0.003247
-0.0026187
0.0023775
0.0041263
-0.00073352
-0.0050099
-0.0016502
0.0048545
0.0042341
-0.0033799
-0.0064145
0.00058616
0.0074876
0.0030138
-0.0069025
-0.0067604
0.0043572
0.0097556
-9.7492e-05
-0.010955
-0.005336
0.0096353
0.010756
-0.0054463
-0.014749
-0.001318
0.015913
0.0095188
-0.013145
-0.017393
0.0059366
0.02287
0.0052336
-0.023395
-0.018661
0.016651
0.031271
-0.000848
-0.037934
-0.025561
0.027523
0.066989
0.073777
0.079994
0.090226
0.043915
-0.09081
-0.21176
-0.14938
0.12989
0.44133
0.55754
0.44784
0.28469
0.21492
0.1985
0.1185
-0.0074532
-0.021459
0.15408
0.37159
0.40239
0.2048
-0.017357
-0.039975
0.14061
0.32245
0.32586
0.16607
0.002642
-0.041143
0.010209
0.033405
-0.06135
-0.24115
-0.37564
-0.34886
-0.16461
0.045725
0.13043
0.047541
-0.10071
-0.16744
-0.097904
0.024498
0.067708
-0.011799
-0.11729
-0.10402
0.065311
0.25833
0.28685
0.098502
-0.1568
-0.27207
-0.18906
-0.033771
0.04953
0.051275
0.052828
0.073316
0.044051
-0.050758
-0.090458
0.0429
0.26882
0.34707
0.15114
-0.1582
-0.29655
-0.16638
0.063209
0.18128
0.15463
0.086123
0.028131
-0.062873
-0.19761
-0.27985
-0.21621
-0.047828
0.094381
0.14444
0.14705
0.15304
0.14461
0.10094
0.068951
0.096692
0.12271
0.02921
-0.17258
-0.29028
-0.15622
0.14911
0.35652
0.29582
0.057061
-0.15258
-0.24094
-0.25813
-0.24838
-0.18323
-0.06182
0.019442
-0.023839
-0.12157
-0.10768
0.067475
0.2499
0.25068
0.057469
-0.16304
-0.2488
-0.17179
-0.0069588
0.14908
0.20484
0.099057
-0.11724
-0.25344
-0.1323
0.1913
0.43054
0.35194
0.038498
-0.19452
-0.14542
0.070291
0.18102
0.06344
-0.1625
-0.30541
-0.29199
-0.18215
-0.067699
-0.0047857
-0.0046069
-0.033556
-0.027269
0.04005
0.099294
0.045946
-0.11808
-0.25495
-0.24905
-0.1609
-0.15343
-0.26703
-0.34998
-0.2544
-0.038855
0.099831
0.072486
-0.015561
-0.03472
0.0035146
0.015093
0.0038394
0.040954
0.098567
0.037648
-0.16918
-0.30563
-0.13782
0.2447
0.45978
0.27013
-0.1129
-0.2778
-0.11968
0.048023
-0.077442
-0.38434
-0.49306
-0.24657
0.099305
0.21002
0.067095
-0.072547
-0.0444
0.042924
0.013289
-0.1148
-0.1693
-0.073382
0.061834
0.10394
0.068816
0.062491
0.11054
0.12506
0.042028
-0.079578
-0.12645
-0.059856
0.062235
0.16567
0.21814
0.21329
0.14979
0.050488
-0.026839
-0.033646
0.02021
0.081494
0.10997
0.098344
0.046063
-0.043655
-0.12729
-0.12552
-0.01169
0.11532
0.10561
-0.070345
-0.2604
-0.28281
-0.12678
0.042115
0.080651
0.025734
0.020757
0.11475
0.1929
0.12164
-0.077089
-0.23431
-0.21139
-0.04017
0.11733
0.12772
-0.0037146
-0.16156
-0.23272
-0.19602
-0.12405
-0.10936
-0.17947
-0.26985
-0.27985
-0.16459
0.018799
0.1529
0.1535
0.034434
-0.10309
-0.14728
-0.061079
0.083213
0.15836
0.094891
-0.044743
-0.11949
-0.05601
0.067109
0.10723
0.030142
-0.042072
0.018336
0.17304
0.2445
0.12557
-0.087163
-0.20235
-0.15434
-0.060682
-0.058776
-0.13882
-0.17582
-0.095812
0.048415
0.1614
0.20678
0.19346
0.1145
-0.033923
-0.18234
-0.21261
-0.091016
0.06686
0.12071
0.077066
0.073244
0.1792
0.28635
0.24535
0.073749
-0.058199
-0.052094
-0.0075581
-0.070241
-0.20828
-0.23657
-0.06905
0.1411
0.171
-0.010727
-0.22838
-0.32868
-0.33635
-0.34627
-0.34362
-0.2269
0.003684
0.18533
0.17319
0.028343
-0.050741
0.030885
0.16467
0.19953
0.13149
0.072955
0.068086
0.028442
-0.12093
-0.29579
-0.32378
-0.15405
0.063112
0.13174
0.017595
-0.12964
-0.14872
-0.031062
0.087654
0.076678
-0.062316
-0.20455
-0.2269
-0.12859
-0.034582
-0.068923
-0.21445
-0.30995
-0.2107
0.044295
0.24766
0.22292
-0.00053595
-0.22366
-0.27696
-0.16122
-0.00043767
0.10172
0.13066
0.11768
0.087447
0.06147
0.071211
0.12081
0.15037
0.08444
-0.064335
-0.17318
-0.13028
0.030008
0.14921
0.11242
-0.030848
-0.13331
-0.11248
-0.016643
0.06178
0.090033
0.089145
0.064919
-0.0032556
-0.10207
-0.16774
-0.15871
-0.11743
-0.11321
-0.13809
-0.11431
-0.024641
0.025845
-0.060094
-0.20233
-0.19011
0.060092
0.3544
0.40812
0.17665
-0.076548
-0.078827
0.1428
0.31344
0.24552
0.034414
-0.10044
-0.090332
-0.055936
-0.10655
-0.20168
-0.23989
-0.20845
-0.16795
-0.1276
-0.029299
0.12094
0.19186
0.070173
-0.16596
-0.29833
-0.20913
-0.0082026
0.11697
0.12625
0.13335
0.20573
0.24814
0.13566
-0.088846
-0.22975
-0.16083
0.022465
0.11033
0.010289
-0.167
-0.24802
-0.1801
-0.058889
0.002428
-0.0040103
0.0093299
0.1093
0.2531
0.32138
0.24332
0.085439
-0.0054869
0.038149
0.11396
0.053276
-0.17586
-0.39709
-0.39335
-0.14136
0.15331
0.26519
0.1642
0.0047326
-0.067149
-0.043465
0.0053516
0.054422
0.13111
0.21952
0.2281
0.092544
-0.11957
-0.25439
-0.22814
-0.10979
-0.035507
-0.063754
-0.13498
-0.1569
-0.098061
0.004742
0.09533
0.12885
0.075349
-0.062147
-0.21678
-0.27787
-0.18269
0.006564
0.14503
0.14548
0.065483
0.03491
0.10202
0.18023
0.16032
0.04726
-0.049084
-0.055124
-0.020425
-0.037739
-0.10354
-0.11451
-0.0094816
0.13099
0.17274
0.093233
0.0054766
0.0065422
0.055464
0.045996
-0.028194
-0.050186
0.058371
0.20683
0.22186
0.052423
-0.16001
-0.23139
-0.11744
0.069196
0.19017
0.19174
0.10768
0.014187
-0.0074746
0.083631
0.22667
0.26877
0.10031
-0.20303
-0.41633
-0.38483
-0.18327
-0.02203
-0.0044707
-0.028009
0.058428
0.24618
0.36286
0.26581
-0.0021493
-0.25932
-0.35164
-0.25829
-0.066738
0.10911
0.19058
0.16181
0.071924
-0.00089279
-0.015791
-0.0053267
-0.034553
-0.12077
-0.20681
-0.21915
-0.14264
-0.031391
0.046425
0.064787
0.048764
0.042417
0.070697
0.12163
0.1542
0.12774
0.033574
-0.093965
-0.19559
-0.2209
-0.15659
-0.03711
0.070859
0.11203
0.087469
0.051742
0.052039
0.072291
0.059602
0.0095824
-0.0065073
0.071051
0.1922
0.23402
0.14893
0.034377
0.017199
0.091678
0.13205
0.073106
0.015729
0.096705
0.27862
0.34898
0.15895
-0.17974
-0.38938
-0.30917
-0.045131
0.16086
0.16753
0.021632
-0.14328
-0.23536
-0.2359
-0.16631
-0.070914
-0.013551
-0.040228
-0.12563
-0.17958
-0.13084
-0.0013402
0.11558
0.14965
0.11686
0.088552
0.11375
0.17685
0.22572
0.2266
0.19093
0.15363
0.13311
0.11607
0.083483
0.048247
0.054909
0.12959
0.23094
0.26802
0.18304
0.017347
-0.11763
-0.13843
-0.056255
0.055191
0.14387
0.21464
0.28514
0.32814
0.28557
0.14284
-0.027177
-0.11465
-0.074005
0.033855
0.1019
0.077969
-0.00043167
-0.061131
-0.071804
-0.054203
-0.042013
-0.049501
-0.083754
-0.1613
-0.28378
-0.40217
-0.43906
-0.36937
-0.2639
-0.22131
-0.24954
-0.24535
-0.11807
0.077067
0.16903
0.056389
-0.15772
-0.25016
-0.10969
0.13829
0.25591
0.13733
-0.089983
-0.20756
-0.12936
0.029953
0.092553
-0.0032611
-0.16693
-0.26785
-0.25658
-0.17707
-0.093671
-0.030668
0.022854
0.07317
0.10491
0.10253
0.083335
0.10044
0.19891
0.3533
0.45239
0.37678
0.12311
-0.15689
-0.27495
-0.18739
-0.03814
-0.00067919
-0.090143
-0.1684
-0.13219
-0.040562
-0.018661
-0.071722
-0.072514
0.052048
0.18937
0.16256
-0.041248
-0.23771
-0.25856
-0.13668
-0.028869
-0.00092711
0.028052
0.12378
0.21238
0.18273
0.063724
0.003821
0.061167
0.10228
-0.027769
-0.27729
-0.42082
-0.32902
-0.12846
-0.041606
-0.11437
-0.18121
-0.096717
0.077689
0.16356
0.094874
-0.014131
-0.02848
0.045256
0.09162
0.041046
-0.061921
-0.13622
-0.15475
-0.1381
-0.10093
-0.052593
-0.036139
-0.11214
-0.27906
-0.44035
-0.48799
-0.40783
-0.27415
-0.14491
-0.01268
0.12013
0.16667
0.031229
-0.23015
-0.39557
-0.29213
-0.010733
0.16454
0.071464
-0.13771
-0.17377
0.041758
0.28122
0.28805
0.081462
-0.086758
-0.056923
0.052192
0.023239
-0.16408
-0.30515
-0.23165
-0.012128
0.15145
0.16934
0.13059
0.13869
0.16792
0.12503
0.0014166
-0.10495
-0.11362
-0.052491
-0.010141
-0.03805
-0.12055
-0.20248
-0.2101
-0.080878
0.15816
0.34297
0.28411
-0.015519
-0.29797
-0.28368
0.025866
0.33727
0.37963
0.17229
-0.05601
-0.15551
-0.16684
-0.16271
-0.10509
0.058312
0.23107
0.23675
0.064587
-0.067715
0.023766
0.23112
0.26831
0.03904
-0.22185
-0.23131
-0.0041334
0.17998
0.13
-0.049374
-0.1375
-0.087786
-0.042687
-0.098408
-0.17067
-0.1341
-0.012227
0.053137
-0.0047987
-0.097589
-0.11249
-0.057655
-0.032567
-0.087933
-0.17394
-0.22
-0.21426
-0.18473
-0.14223
-0.078121
-0.0013069
0.059857
0.09182
0.10399
0.10159
0.07823
0.043494
0.02396
0.015866
-0.02979
-0.13018
-0.19807
-0.11712
0.082902
0.19114
0.032829
-0.2913
-0.46911
-0.32119
-0.021149
0.10137
-0.047103
-0.22155
-0.16158
0.066834
0.15004
-0.067414
-0.36522
-0.40128
-0.1229
0.17207
0.19128
-0.029807
-0.2178
-0.21559
-0.13809
-0.16181
-0.26622
-0.27967
-0.14857
-0.033373
-0.083884
-0.20145
-0.14666
0.1178
0.31081
0.14903
-0.27019
-0.52276
-0.32714
0.12215
0.36997
0.20984
-0.11453
-0.23144
-0.067615
0.12044
0.091097
-0.11584
-0.27654
-0.25377
-0.098783
0.067841
0.17364
0.18409
0.071922
-0.12766
-0.27432
-0.22961
-0.024229
0.14484
0.12817
-0.0064518
-0.066822
0.021747
0.13336
0.11076
-0.042845
-0.18448
-0.20841
-0.1387
-0.052562
0.02057
0.082124
0.092989
-0.011767
-0.22116
-0.40497
-0.41045
-0.20278
0.096804
0.30868
0.32889
0.19546
0.048306
0.015676
